,Name,2024 Salary,Avg Career Salary Difference,Age,H,R,RBI,BB,SO,SB,OPS
0,CJ Abrams,752400.0,7050.0,23.0,133.0,79.0,65.0,40.0,128.0,31.0,0.747
2,Wilyer Abreu,749500.0,251500.0,25.0,101.0,59.0,58.0,40.0,125.0,8.0,0.781
4,Willy Adames,12250000.0,956250.0,28.0,153.0,93.0,112.0,74.0,173.0,21.0,0.794
5,Riley Adams,750900.0,7366.666666666667,28.0,26.0,10.0,8.0,10.0,35.0,1.0,0.629
6,Jo Adell,770000.0,0.0,25.0,84.0,54.0,62.0,35.0,126.0,15.0,0.682
7,Nick Ahmed,850000.0,-238888.88888888888,34.0,48.0,20.0,17.0,11.0,51.0,2.0,0.562
8,Ozzie Albies,7000000.0,805625.0,27.0,100.0,52.0,53.0,27.0,65.0,8.0,0.707
9,Blaze Alexander,740000.0,0.0,25.0,41.0,19.0,21.0,15.0,49.0,3.0,0.664
10,Nick Allen,745000.0,8333.333333333334,25.0,17.0,6.0,4.0,5.0,20.0,0.0,0.463
11,Pete Alonso,20500000.0,2259166.6666666665,29.0,146.0,91.0,88.0,70.0,172.0,3.0,0.788
12,Jose Altuve,29000000.0,2036928.5714285714,34.0,185.0,94.0,65.0,47.0,119.0,22.0,0.79
13,Francisco Alvarez,762500.0,0.0,22.0,73.0,39.0,47.0,30.0,86.0,1.0,0.71
14,Yordan Alvarez,10833333.0,2013746.6,27.0,170.0,88.0,86.0,69.0,95.0,6.0,0.959
15,Miguel Amaya,746500.0,0.0,25.0,76.0,32.0,47.0,23.0,62.0,0.0,0.644
16,Tim Anderson,5000000.0,461111.1111111111,31.0,50.0,16.0,9.0,7.0,68.0,4.0,0.463
17,Miguel Andujar,1700000.0,100000.0,29.0,86.0,31.0,30.0,13.0,42.0,3.0,0.697
18,Jonathan Aranda,742800.0,0.0,26.0,30.0,22.0,14.0,12.0,32.0,0.0,0.737
19,Orlando Arcia,2000000.0,182737.5,29.0,120.0,50.0,46.0,41.0,128.0,2.0,0.625
20,Nolan Arenado,35000000.0,2875000.0,33.0,157.0,70.0,71.0,44.0,92.0,2.0,0.719
21,Gabriel Arias,744100.0,-527950.0,24.0,34.0,15.0,15.0,6.0,53.0,5.0,0.608
22,Randy Arozarena,700000.0,0.0,29.0,120.0,77.0,60.0,73.0,169.0,20.0,0.72
23,Randy Arozarena,8100000.0,0.0,29.0,120.0,77.0,60.0,73.0,169.0,20.0,0.72
26,Harrison Bader,10500000.0,457142.85714285716,30.0,95.0,57.0,51.0,21.0,95.0,17.0,0.657
28,Patrick Bailey,747500.0,0.0,25.0,94.0,46.0,46.0,39.0,100.0,4.0,0.637
29,Brooks Baldwin,700000.0,0.0,23.0,24.0,9.0,8.0,6.0,31.0,4.0,0.566
30,Addison Barger,740000.0,0.0,24.0,41.0,20.0,28.0,14.0,60.0,2.0,0.601
31,Austin Barnes,3500000.0,275000.0,34.0,37.0,12.0,11.0,14.0,36.0,3.0,0.638
32,Joey Bart,770000.0,0.0,27.0,67.0,38.0,45.0,22.0,73.0,0.0,0.799
33,Brett Baty,750000.0,0.0,24.0,35.0,15.0,16.0,16.0,42.0,0.0,0.633
34,Jake Bauers,1350000.0,0.0,28.0,60.0,45.0,43.0,39.0,118.0,13.0,0.662
35,Jordan Beck,740000.0,-1010000.0,23.0,32.0,14.0,13.0,12.0,65.0,7.0,0.521
36,Cody Bellinger,27500000.0,3364375.0,28.0,137.0,72.0,78.0,45.0,89.0,9.0,0.751
37,Josh Bell,700000.0,446230.76923076925,31.0,134.0,62.0,71.0,51.0,120.0,0.0,0.725
38,Josh Bell,16500000.0,446230.76923076925,31.0,134.0,62.0,71.0,51.0,120.0,0.0,0.725
39,Andrew Benintendi,17100000.0,1827888.888888889,29.0,109.0,50.0,64.0,41.0,96.0,3.0,0.685
40,Will Benson,750000.0,-8175000.0,26.0,64.0,41.0,43.0,40.0,154.0,16.0,0.65
41,Mookie Betts,30416667.0,2718378.8181818184,31.0,130.0,75.0,75.0,61.0,57.0,16.0,0.863
42,Bo Bichette,12083334.0,1358333.5,26.0,70.0,29.0,31.0,20.0,64.0,5.0,0.598
43,Cavan Biggio,4210000.0,347833.3333333333,29.0,37.0,27.0,19.0,24.0,72.0,2.0,0.617
44,Charlie Blackmon,13000000.0,892785.7142857143,37.0,115.0,59.0,52.0,43.0,86.0,6.0,0.741
45,Dairon Blanco,743750.0,0.0,31.0,31.0,37.0,13.0,8.0,32.0,31.0,0.699
46,JJ Bleday,745000.0,0.0,26.0,139.0,74.0,60.0,67.0,125.0,2.0,0.762
47,Xander Bogaerts,25454546.0,2268367.8181818184,31.0,113.0,50.0,44.0,28.0,79.0,13.0,0.688
48,Alec Bohm,4000000.0,650400.0,27.0,155.0,62.0,97.0,40.0,86.0,5.0,0.779
49,Sean Bouchard,740000.0,-1770000.0,28.0,17.0,14.0,8.0,12.0,33.0,4.0,0.586
50,Alex Bregman,30500000.0,3328955.5555555555,30.0,151.0,79.0,75.0,44.0,86.0,3.0,0.768
51,Will Brennan,744900.0,-14877550.0,26.0,87.0,37.0,30.0,19.0,48.0,4.0,0.697
52,Jonah Bride,745000.0,0.0,28.0,64.0,30.0,39.0,30.0,55.0,0.0,0.818
53,Seth Brown,2600000.0,467500.0,31.0,86.0,32.0,44.0,25.0,112.0,4.0,0.662
55,Kris Bryant,28000000.0,2622545.4545454546,32.0,29.0,9.0,15.0,13.0,48.0,0.0,0.623
56,Jake Burger,760000.0,0.0,28.0,134.0,68.0,76.0,31.0,150.0,1.0,0.76
57,Alec Burleson,750050.0,-4975.0,25.0,147.0,71.0,78.0,35.0,76.0,9.0,0.735
58,Michael Busch,741500.0,0.0,26.0,123.0,73.0,65.0,63.0,162.0,2.0,0.775
59,Lawrence Butler,740000.0,0.0,23.0,108.0,63.0,57.0,35.0,108.0,18.0,0.807
60,Byron Buxton,15142857.0,1625595.2222222222,30.0,99.0,62.0,56.0,20.0,99.0,7.0,0.859
62,Oswaldo Cabrera,783000.0,13633.333333333334,25.0,74.0,47.0,36.0,21.0,63.0,4.0,0.661
63,Willie Calhoun,817204.0,0.0,29.0,56.0,26.0,20.0,23.0,31.0,0.0,0.695
64,Alex Call,740000.0,6066.666666666667,29.0,34.0,15.0,14.0,12.0,19.0,5.0,0.95
65,Daz Cameron,740000.0,0.0,27.0,34.0,22.0,15.0,13.0,51.0,5.0,0.587
66,Junior Caminero,740000.0,0.0,20.0,41.0,15.0,18.0,11.0,38.0,2.0,0.724
67,Luis Campusano,754700.0,121817.5,25.0,63.0,37.0,40.0,20.0,41.0,0.0,0.642
68,Jeimer Candelario,13000000.0,1216666.6666666667,30.0,96.0,47.0,56.0,27.0,114.0,4.0,0.707
69,Mark Canha,11500000.0,945000.0,35.0,95.0,46.0,42.0,51.0,96.0,7.0,0.69
70,Dominic Canzone,743700.0,0.0,26.0,33.0,20.0,17.0,18.0,53.0,1.0,0.652
71,Victor Caratini,6000000.0,457142.85714285716,30.0,66.0,30.0,30.0,23.0,53.0,0.0,0.744
72,Dylan Carlson,2350000.0,267933.3333333333,25.0,49.0,19.0,25.0,22.0,75.0,2.0,0.563
73,Dylan Carlson,700000.0,267933.3333333333,25.0,49.0,19.0,25.0,22.0,75.0,2.0,0.563
74,Kerry Carpenter,761000.0,12433.333333333334,26.0,75.0,37.0,57.0,22.0,75.0,0.0,0.932
75,Matt Carpenter,700000.0,1364538.4615384615,38.0,32.0,15.0,15.0,15.0,51.0,0.0,0.686
76,Corbin Carroll,3625000.0,666666.6666666666,23.0,136.0,121.0,74.0,73.0,130.0,35.0,0.749
77,Evan Carter,745000.0,-2755000.0,21.0,27.0,23.0,15.0,15.0,43.0,2.0,0.633
78,Curt Casali,700000.0,235714.2857142857,35.0,21.0,12.0,8.0,13.0,22.0,0.0,0.543
79,Triston Casas,760000.0,18250.0,24.0,51.0,28.0,32.0,30.0,77.0,0.0,0.8
80,Nick Castellanos,20000000.0,1200000.0,32.0,154.0,80.0,86.0,41.0,139.0,6.0,0.742
81,Willi Castro,3300000.0,250000.0,27.0,138.0,89.0,60.0,51.0,150.0,14.0,0.717
82,Jake Cave,1000000.0,-382500.0,31.0,81.0,42.0,37.0,18.0,98.0,5.0,0.686
84,Matt Chapman,18000000.0,1442812.5,31.0,142.0,98.0,78.0,64.0,158.0,15.0,0.79
85,Jazz Chisholm Jr.,2625000.0,375100.0,26.0,144.0,74.0,73.0,53.0,152.0,40.0,0.76
86,Jazz Chisholm Jr.,700000.0,375100.0,26.0,144.0,74.0,73.0,53.0,152.0,40.0,0.76
87,Jackson Chourio,2250000.0,-18750000.0,20.0,145.0,80.0,79.0,39.0,121.0,22.0,0.791
88,Ernie Clement,757700.0,0.0,28.0,114.0,48.0,51.0,11.0,41.0,12.0,0.692
89,Kody Clemens,740000.0,0.0,28.0,25.0,17.0,18.0,5.0,29.0,0.0,0.706
90,Michael Conforto,18000000.0,1942528.2222222222,31.0,104.0,56.0,66.0,42.0,118.0,0.0,0.759
91,Willson Contreras,18000000.0,1939500.0,32.0,79.0,48.0,36.0,45.0,96.0,4.0,0.848
92,William Contreras,766900.0,6975.0,26.0,167.0,99.0,92.0,78.0,139.0,9.0,0.831
93,Carlos Correa,33333334.0,3281663.4,29.0,99.0,55.0,54.0,40.0,61.0,0.0,0.905
94,Colton Cowser,742800.0,236800.0,24.0,121.0,77.0,69.0,52.0,172.0,9.0,0.768
95,J.P. Crawford,11000000.0,-1694500.0,29.0,79.0,55.0,37.0,52.0,102.0,5.0,0.625
96,Dylan Crews,700000.0,0.0,22.0,26.0,12.0,8.0,11.0,26.0,12.0,0.641
97,Jake Cronenworth,7285714.0,612142.8,30.0,139.0,72.0,83.0,61.0,118.0,5.0,0.714
98,Pete Crow-Armstrong,740000.0,-260000.0,22.0,88.0,46.0,47.0,21.0,98.0,27.0,0.67
99,Oneil Cruz,755000.0,0.0,25.0,140.0,72.0,76.0,51.0,181.0,22.0,0.773
100,Travis d'Arnaud,8000000.0,681676.3636363636,35.0,73.0,40.0,48.0,24.0,89.0,1.0,0.739
101,Henry Davis,747500.0,0.0,24.0,15.0,9.0,5.0,13.0,45.0,0.0,0.453
102,J.D. Davis,700000.0,-322322.5,31.0,31.0,13.0,6.0,12.0,39.0,0.0,0.631
103,Paul DeJong,1750000.0,555555.4444444445,30.0,101.0,54.0,56.0,23.0,156.0,2.0,0.703
104,Paul DeJong,700000.0,555555.4444444445,30.0,101.0,54.0,56.0,23.0,156.0,2.0,0.703
105,Bryan De La Cruz,768000.0,6400.0,27.0,136.0,61.0,68.0,29.0,170.0,5.0,0.654
106,Bryan De La Cruz,700000.0,6400.0,27.0,136.0,61.0,68.0,29.0,170.0,5.0,0.654
107,Elly De La Cruz,742500.0,0.0,22.0,160.0,105.0,76.0,69.0,218.0,67.0,0.809
108,Jonny DeLuca,742400.0,189400.0,25.0,72.0,29.0,31.0,24.0,77.0,16.0,0.609
109,Rafael Devers,29500000.0,3121875.0,27.0,143.0,87.0,83.0,67.0,147.0,3.0,0.871
112,Yainer Diaz,768900.0,-3615550.0,25.0,175.0,70.0,84.0,24.0,107.0,2.0,0.766
113,Brendan Donovan,757200.0,9533.333333333334,27.0,163.0,65.0,73.0,47.0,81.0,5.0,0.759
114,Brenton Doyle,742000.0,0.0,26.0,141.0,82.0,72.0,46.0,153.0,30.0,0.764
115,Brandon Drury,8500000.0,-400000.0,31.0,55.0,28.0,15.0,27.0,81.0,1.0,0.469
117,Oliver Dunn,740000.0,-14260000.0,26.0,21.0,11.0,7.0,6.0,40.0,3.0,0.597
118,Ezequiel Duran,754500.0,10110.0,25.0,66.0,26.0,20.0,14.0,63.0,1.0,0.609
119,Jarren Duran,760000.0,0.0,27.0,191.0,111.0,75.0,54.0,160.0,34.0,0.834
120,Adam Duvall,3000000.0,-378500.0,35.0,55.0,29.0,30.0,21.0,99.0,0.0,0.569
121,Tommy Edman,700000.0,0.0,29.0,33.0,20.0,20.0,11.0,30.0,6.0,0.711
122,Xavier Edwards,743000.0,-107000.0,24.0,87.0,39.0,26.0,33.0,52.0,31.0,0.82
123,Christian Encarnacion-Strand,740000.0,0.0,24.0,22.0,13.0,16.0,4.0,35.0,0.0,0.513
124,Jerar Encarnacion,700000.0,0.0,26.0,28.0,13.0,19.0,5.0,34.0,1.0,0.702
125,Santiago Espinal,2725000.0,156250.0,29.0,88.0,32.0,45.0,24.0,54.0,11.0,0.65
126,Thairo Estrada,4700000.0,612500.0,28.0,79.0,43.0,47.0,10.0,76.0,2.0,0.59
127,Stuart Fairchild,750000.0,13750.0,28.0,45.0,33.0,30.0,17.0,60.0,13.0,0.654
128,Kyle Farmer,6300000.0,1110000.0,33.0,46.0,26.0,25.0,19.0,49.0,3.0,0.647
129,Freddy Fermin,744500.0,0.0,29.0,92.0,40.0,36.0,23.0,66.0,2.0,0.685
130,Tyler Fitzgerald,741875.0,0.0,26.0,88.0,53.0,34.0,22.0,108.0,17.0,0.831
131,Dominic Fletcher,742900.0,0.0,26.0,46.0,14.0,17.0,11.0,58.0,0.0,0.508
132,Wilmer Flores,6500000.0,498871.4166666667,32.0,44.0,19.0,26.0,20.0,33.0,0.0,0.595
133,Estevan Florial,700000.0,0.0,26.0,17.0,11.0,11.0,11.0,41.0,2.0,0.631
134,Nick Fortes,759000.0,9666.666666666666,27.0,70.0,28.0,29.0,11.0,41.0,0.0,0.577
135,Jake Fraley,2150000.0,352500.0,29.0,97.0,44.0,26.0,26.0,70.0,20.0,0.716
136,Ty France,700000.0,0.0,29.0,112.0,46.0,51.0,38.0,114.0,1.0,0.67
137,Ty France,6775000.0,0.0,29.0,112.0,46.0,51.0,38.0,114.0,1.0,0.67
138,Adam Frazier,2000000.0,-224950.0,32.0,53.0,35.0,22.0,22.0,59.0,3.0,0.576
139,Freddie Freeman,27000000.0,1678571.4285714286,34.0,153.0,81.0,89.0,78.0,100.0,9.0,0.854
140,Tyler Freeman,742000.0,0.0,25.0,69.0,48.0,32.0,28.0,53.0,11.0,0.626
141,Sal Frelick,746500.0,0.0,24.0,123.0,66.0,32.0,39.0,78.0,18.0,0.655
142,TJ Friedl,750000.0,9166.666666666666,28.0,67.0,35.0,55.0,26.0,52.0,9.0,0.69
143,David Fry,741000.0,0.0,28.0,88.0,44.0,51.0,42.0,84.0,4.0,0.804
144,Joey Gallo,2500000.0,-355647.2727272727,30.0,36.0,24.0,27.0,32.0,102.0,3.0,0.613
147,Maikel Garcia,751250.0,0.0,24.0,133.0,84.0,58.0,42.0,103.0,37.0,0.614
148,Mitch Garver,10500000.0,1658750.0,33.0,63.0,37.0,51.0,53.0,133.0,0.0,0.627
149,Zack Gelof,740000.0,0.0,24.0,105.0,60.0,49.0,38.0,188.0,25.0,0.632
151,Paul Goldschmidt,26000000.0,1822714.2857142857,36.0,147.0,70.0,65.0,47.0,173.0,11.0,0.716
152,Nick Gonzales,740000.0,0.0,25.0,97.0,42.0,49.0,18.0,74.0,5.0,0.709
153,Romy Gonzalez,740000.0,0.0,27.0,53.0,25.0,29.0,12.0,58.0,11.0,0.723
154,Hunter Goodman,740000.0,0.0,24.0,40.0,24.0,36.0,8.0,64.0,1.0,0.645
155,Nick Gordon,900000.0,0.0,28.0,59.0,29.0,32.0,11.0,67.0,5.0,0.627
156,Nolan Gorman,755550.0,9533.333333333334,24.0,74.0,42.0,50.0,34.0,151.0,6.0,0.671
157,Yasmani Grandal,2500000.0,57692.307692307695,35.0,49.0,26.0,27.0,24.0,46.0,1.0,0.704
158,Riley Greene,766300.0,12833.333333333334,23.0,134.0,82.0,74.0,64.0,156.0,4.0,0.827
159,Randal Grichuk,1500000.0,448377.75,32.0,74.0,40.0,46.0,20.0,46.0,0.0,0.875
160,Trent Grisham,5500000.0,387500.0,27.0,34.0,21.0,31.0,22.0,57.0,1.0,0.675
161,Vaughn Grissom,742000.0,0.0,23.0,20.0,10.0,6.0,7.0,24.0,2.0,0.465
162,Robbie Grossman,700000.0,120625.0,34.0,44.0,21.0,16.0,34.0,58.0,3.0,0.616
163,Vladimir Guerrero Jr.,19900000.0,2000000.0,25.0,199.0,98.0,103.0,72.0,96.0,2.0,0.94
164,Luis Guillorme,700000.0,181250.0,29.0,33.0,14.0,10.0,23.0,36.0,4.0,0.574
165,Lourdes Gurriel Jr.,10000000.0,1224489.7142857143,30.0,143.0,72.0,75.0,29.0,101.0,7.0,0.757
166,David Hamilton,740000.0,-510000.0,26.0,73.0,47.0,28.0,22.0,80.0,33.0,0.697
167,Garrett Hampson,2000000.0,-3691958.1666666665,29.0,49.0,16.0,16.0,14.0,59.0,7.0,0.576
168,Mitch Haniger,700000.0,926237.5,33.0,79.0,42.0,44.0,40.0,126.0,0.0,0.62
169,Ian Happ,21000000.0,2116687.5,29.0,138.0,89.0,86.0,80.0,168.0,13.0,0.782
170,Bryce Harper,27538461.0,1041420.0769230769,31.0,157.0,85.0,87.0,76.0,138.0,7.0,0.898
171,Brett Harris,740000.0,0.0,26.0,15.0,15.0,12.0,17.0,25.0,0.0,0.539
172,Michael Harris II,5000000.0,1000000.0,23.0,116.0,58.0,48.0,23.0,94.0,10.0,0.722
173,Ke'Bryan Hayes,7000000.0,-750000.0,27.0,85.0,38.0,25.0,23.0,75.0,11.0,0.573
174,Austin Hays,6300000.0,620000.0,28.0,60.0,26.0,20.0,9.0,59.0,2.0,0.699
175,Austin Hedges,4000000.0,432862.5,31.0,20.0,12.0,15.0,6.0,50.0,2.0,0.422
176,Jonah Heim,3050000.0,576085.0,29.0,101.0,45.0,59.0,26.0,90.0,1.0,0.602
177,Gunnar Henderson,756200.0,11000.0,23.0,177.0,118.0,92.0,78.0,159.0,21.0,0.893
178,Darell Hernaiz,740000.0,-3260000.0,22.0,23.0,8.0,12.0,11.0,27.0,1.0,0.503
183,Jason Heyward,9000000.0,573333.3333333334,34.0,48.0,33.0,37.0,22.0,53.0,5.0,0.7
184,Kyle Higashioka,2180000.0,311250.0,34.0,54.0,29.0,45.0,15.0,74.0,2.0,0.739
185,Derek Hill,700000.0,0.0,28.0,39.0,19.0,25.0,5.0,56.0,6.0,0.69
186,Sam Hilliard,700000.0,0.0,30.0,33.0,26.0,27.0,14.0,56.0,5.0,0.812
187,Nico Hoerner,11500000.0,1795000.0,27.0,159.0,86.0,48.0,44.0,66.0,31.0,0.708
188,Jackson Holliday,740000.0,0.0,20.0,36.0,28.0,23.0,15.0,69.0,4.0,0.565
189,Spencer Horwitz,741900.0,234400.0,26.0,87.0,46.0,40.0,42.0,70.0,0.0,0.79
190,Rhys Hoskins,12000000.0,1031785.7142857143,31.0,96.0,59.0,82.0,53.0,149.0,3.0,0.722
192,Jose Iglesias,700000.0,40000.0,34.0,91.0,39.0,26.0,12.0,39.0,6.0,0.83
193,Jonathan India,3800000.0,760000.0,27.0,132.0,84.0,58.0,80.0,125.0,13.0,0.75
194,Kyle Isbel,758250.0,10250.0,27.0,88.0,62.0,42.0,27.0,88.0,11.0,0.654
195,Alex Jackson,740000.0,0.0,28.0,17.0,17.0,12.0,12.0,53.0,1.0,0.439
196,Travis Jankowski,1700000.0,225900.0,33.0,38.0,19.0,12.0,12.0,44.0,11.0,0.508
197,Danny Jansen,5200000.0,351450.0,29.0,57.0,35.0,24.0,40.0,61.0,0.0,0.658
198,Ryan Jeffers,2425000.0,420837.5,27.0,93.0,56.0,64.0,32.0,94.0,3.0,0.732
201,Leo Jimenez,700000.0,0.0,23.0,41.0,18.0,19.0,12.0,59.0,0.0,0.686
202,Connor Joe,2125000.0,347500.0,31.0,83.0,49.0,36.0,44.0,91.0,2.0,0.688
203,Nolan Jones,740000.0,0.0,26.0,58.0,28.0,28.0,36.0,91.0,5.0,0.641
204,Aaron Judge,40000000.0,4987500.0,32.0,180.0,122.0,144.0,133.0,171.0,10.0,1.159
205,Edouard Julien,746750.0,0.0,25.0,53.0,36.0,21.0,33.0,102.0,6.0,0.616
206,Corey Julks,755700.0,0.0,28.0,37.0,17.0,14.0,15.0,50.0,5.0,0.581
207,Josh Jung,756000.0,11505.0,26.0,47.0,19.0,16.0,8.0,48.0,4.0,0.719
208,Niko Kavadas,700000.0,0.0,25.0,17.0,11.0,8.0,11.0,41.0,1.0,0.616
209,Colt Keith,2833333.0,2233333.0,22.0,134.0,54.0,61.0,36.0,110.0,7.0,0.689
210,Jarred Kelenic,760000.0,7650.0,24.0,95.0,49.0,45.0,32.0,133.0,7.0,0.679
211,Carson Kelly,3500000.0,266666.6666666667,29.0,67.0,32.0,37.0,25.0,55.0,0.0,0.687
212,Carson Kelly,700000.0,266666.6666666667,29.0,67.0,32.0,37.0,25.0,55.0,0.0,0.687
213,Max Kepler,10000000.0,1050277.7777777778,31.0,93.0,43.0,42.0,22.0,80.0,1.0,0.682
214,Kevin Kiermaier,10500000.0,907836.3636363636,34.0,51.0,31.0,26.0,12.0,86.0,6.0,0.55
216,Isiah Kiner-Falefa,700000.0,500000.0,29.0,125.0,53.0,43.0,16.0,78.0,11.0,0.683
217,Isiah Kiner-Falefa,7500000.0,500000.0,29.0,125.0,53.0,43.0,16.0,78.0,11.0,0.683
218,Alex Kirilloff,1350000.0,0.0,26.0,32.0,20.0,20.0,15.0,47.0,0.0,0.653
219,Alejandro Kirk,2800000.0,508175.0,25.0,86.0,23.0,54.0,35.0,51.0,0.0,0.677
220,Heston Kjerstad,740000.0,205000.0,25.0,25.0,8.0,14.0,10.0,33.0,1.0,0.745
221,Steven Kwan,757600.0,10100.0,26.0,140.0,83.0,44.0,53.0,51.0,12.0,0.793
222,Shea Langeliers,745000.0,8333.333333333334,26.0,108.0,58.0,80.0,41.0,145.0,4.0,0.739
223,Wyatt Langford,740000.0,-5000.0,22.0,126.0,74.0,74.0,51.0,115.0,19.0,0.74
224,Trevor Larnach,740000.0,1587.5,27.0,92.0,59.0,52.0,40.0,89.0,4.0,0.771
226,Brooks Lee,700000.0,0.0,23.0,38.0,9.0,27.0,11.0,27.0,3.0,0.585
227,Jung Hoo Lee,7833333.0,0.0,25.0,38.0,15.0,8.0,10.0,13.0,2.0,0.641
228,Korey Lee,741850.0,-7091483.0,25.0,79.0,36.0,37.0,17.0,122.0,6.0,0.591
229,DJ LeMahieu,15000000.0,1115307.6923076923,35.0,41.0,19.0,26.0,19.0,35.0,0.0,0.527
230,Royce Lewis,745700.0,0.0,25.0,68.0,40.0,47.0,28.0,74.0,0.0,0.747
231,Francisco Lindor,34100000.0,3355970.0,30.0,169.0,107.0,91.0,56.0,127.0,29.0,0.844
232,Trey Lipscomb,740000.0,-33360000.0,24.0,38.0,20.0,10.0,16.0,40.0,11.0,0.5
233,Nick Loftin,741900.0,0.0,25.0,28.0,15.0,14.0,19.0,24.0,1.0,0.519
234,Joey Loperfido,740000.0,0.0,25.0,52.0,24.0,25.0,13.0,95.0,4.0,0.614
235,Joey Loperfido,700000.0,0.0,25.0,52.0,24.0,25.0,13.0,95.0,4.0,0.614
236,Nicky Lopez,4300000.0,291666.6666666667,29.0,96.0,40.0,21.0,37.0,67.0,5.0,0.606
237,Otto Lopez,740000.0,-3560000.0,25.0,109.0,49.0,39.0,25.0,75.0,20.0,0.69
238,Brandon Lowe,8750000.0,1107142.857142857,29.0,94.0,56.0,58.0,33.0,112.0,5.0,0.783
239,Josh Lowe,755700.0,10833.333333333334,26.0,85.0,37.0,34.0,32.0,123.0,25.0,0.693
240,Nathaniel Lowe,7500000.0,690000.0,28.0,129.0,62.0,69.0,71.0,125.0,2.0,0.762
241,Gavin Lux,1225000.0,0.0,26.0,110.0,59.0,50.0,44.0,110.0,5.0,0.703
242,Manny Machado,17090909.0,1471136.357142857,31.0,163.0,77.0,105.0,45.0,124.0,11.0,0.797
243,Luke Maile,3000000.0,348800.0,33.0,24.0,8.0,8.0,13.0,52.0,2.0,0.52
245,Justyn-Henry Malloy,740000.0,-3260000.0,24.0,41.0,18.0,21.0,23.0,85.0,1.0,0.658
246,Kyle Manzardo,740000.0,-6260000.0,23.0,34.0,11.0,15.0,9.0,41.0,0.0,0.703
247,Manuel Margot,10000000.0,830187.5,29.0,75.0,37.0,31.0,21.0,54.0,5.0,0.626
248,Brandon Marsh,766500.0,6400.0,26.0,104.0,55.0,60.0,50.0,154.0,19.0,0.747
249,Ketel Marte,13600000.0,1220000.0,30.0,147.0,93.0,95.0,65.0,106.0,7.0,0.932
250,Noelvi Marte,740000.0,0.0,22.0,48.0,24.0,18.0,9.0,75.0,9.0,0.549
251,Starling Marte,20750000.0,1205555.6,35.0,90.0,46.0,40.0,27.0,81.0,16.0,0.715
253,Austin Martin,740000.0,0.0,25.0,59.0,41.0,16.0,20.0,47.0,7.0,0.67
254,J.D. Martinez,12000000.0,-200000.0,36.0,102.0,46.0,69.0,49.0,141.0,0.0,0.725
255,Nick Martini,750000.0,0.0,34.0,31.0,23.0,24.0,9.0,38.0,1.0,0.641
256,Michael Massey,757000.0,11383.333333333334,26.0,86.0,45.0,45.0,15.0,56.0,1.0,0.743
257,Miles Mastrobuoni,746000.0,12750.0,28.0,19.0,9.0,4.0,7.0,17.0,2.0,0.47
258,Jorge Mateo,2700000.0,175000.0,29.0,44.0,30.0,18.0,10.0,48.0,13.0,0.668
259,Luis Matos,743750.0,0.0,22.0,32.0,14.0,25.0,5.0,24.0,0.0,0.584
260,James McCann,12150000.0,1015000.0,34.0,50.0,27.0,31.0,13.0,56.0,1.0,0.667
261,Kyle McCann,740000.0,-11410000.0,26.0,33.0,13.0,15.0,16.0,59.0,0.0,0.69
262,Jake McCarthy,766000.0,10133.333333333334,26.0,126.0,66.0,56.0,31.0,78.0,25.0,0.749
263,Chas McCormick,2850000.0,524375.0,29.0,51.0,32.0,27.0,17.0,72.0,8.0,0.576
264,Grant McCray,700000.0,0.0,23.0,25.0,13.0,10.0,6.0,56.0,5.0,0.617
265,Andrew McCutchen,5000000.0,239218.75,37.0,104.0,66.0,50.0,58.0,133.0,3.0,0.739
266,Reese McGuire,1500000.0,45833.333333333336,29.0,29.0,10.0,18.0,13.0,39.0,3.0,0.575
267,Zach McKinstry,764400.0,7475.0,29.0,64.0,32.0,23.0,24.0,69.0,16.0,0.614
268,Ryan McMahon,12000000.0,740714.2857142857,29.0,137.0,68.0,65.0,69.0,185.0,4.0,0.722
269,Jeff McNeil,10250000.0,1035714.2857142857,32.0,101.0,57.0,44.0,35.0,68.0,5.0,0.692
270,Curtis Mead,742300.0,-9507700.0,23.0,29.0,10.0,7.0,6.0,30.0,2.0,0.569
271,Parker Meadows,746900.0,0.0,24.0,66.0,39.0,28.0,25.0,76.0,9.0,0.743
272,MJ Melendez,754750.0,9416.666666666666,25.0,85.0,44.0,44.0,35.0,113.0,4.0,0.674
273,Danny Mendick,865591.0,0.0,30.0,26.0,13.0,8.0,6.0,35.0,6.0,0.561
274,Joey Meneses,752000.0,9566.666666666666,32.0,65.0,19.0,42.0,21.0,63.0,2.0,0.593
275,Jackson Merrill,740000.0,0.0,21.0,162.0,77.0,90.0,29.0,101.0,16.0,0.826
276,Whit Merrifield,700000.0,539136.3636363636,35.0,65.0,44.0,15.0,35.0,52.0,17.0,0.625
277,Whit Merrifield,7000000.0,539136.3636363636,35.0,65.0,44.0,15.0,35.0,52.0,17.0,0.625
278,Jake Meyers,767300.0,8825.0,28.0,101.0,51.0,61.0,35.0,117.0,11.0,0.646
280,Garrett Mitchell,744300.0,0.0,25.0,50.0,33.0,21.0,25.0,71.0,11.0,0.812
281,Andruw Monasterio,752500.0,0.0,27.0,26.0,14.0,16.0,16.0,40.0,6.0,0.575
282,Mickey Moniak,770000.0,0.0,26.0,86.0,48.0,49.0,21.0,114.0,8.0,0.646
283,Elehuris Montero,745000.0,7666.666666666667,25.0,46.0,23.0,28.0,20.0,56.0,0.0,0.571
284,Dylan Moore,3133334.0,324555.6666666667,31.0,74.0,53.0,42.0,53.0,123.0,32.0,0.687
285,Christopher Morel,767000.0,0.0,25.0,105.0,56.0,60.0,61.0,159.0,8.0,0.634
286,Christopher Morel,700000.0,0.0,25.0,105.0,56.0,60.0,61.0,159.0,8.0,0.634
287,Gabriel Moreno,760100.0,-744950.0,24.0,81.0,39.0,45.0,41.0,52.0,3.0,0.734
288,Ryan Mountcastle,4137500.0,679820.0,27.0,128.0,54.0,63.0,27.0,114.0,3.0,0.733
289,Cedric Mullins,6325000.0,370833.3333333333,29.0,104.0,69.0,54.0,41.0,98.0,32.0,0.71
290,Max Muncy,9500000.0,991666.6666666666,33.0,55.0,47.0,48.0,45.0,77.0,1.0,0.852
291,Sean Murphy,9000000.0,1000000.0,29.0,45.0,19.0,25.0,27.0,67.0,0.0,0.636
292,Dane Myers,740000.0,-885000.0,28.0,25.0,17.0,19.0,8.0,36.0,4.0,0.775
293,Bo Naylor,742100.0,0.0,24.0,71.0,39.0,39.0,29.0,122.0,6.0,0.614
294,Josh Naylor,6500000.0,1060000.0,27.0,137.0,84.0,108.0,58.0,105.0,6.0,0.776
295,Zach Neto,750000.0,0.0,23.0,135.0,70.0,77.0,39.0,140.0,30.0,0.761
296,Tyler Nevin,700000.0,0.0,27.0,50.0,22.0,20.0,25.0,64.0,1.0,0.618
297,Kevin Newman,946237.0,-167293.83333333334,30.0,80.0,41.0,28.0,15.0,48.0,8.0,0.686
298,Brandon Nimmo,20500000.0,2421875.0,31.0,128.0,88.0,90.0,77.0,158.0,15.0,0.727
299,Ryan Noda,745000.0,0.0,28.0,13.0,8.0,4.0,14.0,37.0,0.0,0.465
300,Jhonkensy Noel,700000.0,0.0,22.0,39.0,25.0,28.0,13.0,63.0,0.0,0.774
301,Lars Nootbaar,761000.0,7150.0,26.0,85.0,39.0,45.0,52.0,79.0,7.0,0.758
302,Connor Norby,700000.0,0.0,24.0,42.0,32.0,20.0,15.0,64.0,3.0,0.732
303,Ryan O'Hearn,3500000.0,314285.71428571426,30.0,117.0,60.0,59.0,46.0,69.0,3.0,0.761
304,Logan O'Hoppe,760000.0,-1370000.0,24.0,117.0,64.0,56.0,33.0,155.0,2.0,0.712
305,Shohei Ohtani,28216944.0,3586706.285714286,29.0,197.0,134.0,130.0,81.0,162.0,59.0,1.036
306,Edward Olivares,1350000.0,152312.5,28.0,39.0,22.0,23.0,16.0,37.0,1.0,0.624
307,Matt Olson,22000000.0,2128437.5,30.0,148.0,78.0,98.0,71.0,170.0,0.0,0.79
308,Tyler O'Neill,5850000.0,350000.0,29.0,99.0,74.0,61.0,53.0,159.0,4.0,0.847
309,Joey Ortiz,741500.0,-15258500.0,25.0,105.0,58.0,60.0,56.0,103.0,11.0,0.726
310,James Outman,770000.0,23750.0,27.0,20.0,12.0,11.0,16.0,55.0,2.0,0.521
311,Marcell Ozuna,18000000.0,1457916.6666666667,33.0,183.0,96.0,104.0,74.0,170.0,1.0,0.925
312,Cristian Pache,760500.0,0.0,25.0,33.0,13.0,16.0,17.0,64.0,1.0,0.552
313,Andy Pages,740000.0,-10510000.0,23.0,100.0,65.0,46.0,29.0,108.0,1.0,0.712
315,Richie Palacios,745200.0,0.0,27.0,59.0,46.0,21.0,45.0,67.0,19.0,0.664
316,Isaac Paredes,700000.0,0.0,25.0,129.0,64.0,80.0,76.0,105.0,1.0,0.739
317,Isaac Paredes,3400000.0,0.0,25.0,129.0,64.0,80.0,76.0,105.0,1.0,0.739
318,Vinnie Pasquantino,752750.0,9083.333333333334,26.0,130.0,64.0,97.0,40.0,71.0,1.0,0.76
319,Joc Pederson,9500000.0,590909.0909090909,32.0,101.0,62.0,64.0,55.0,105.0,7.0,0.908
321,David Peralta,700000.0,539666.6666666666,36.0,63.0,35.0,28.0,22.0,54.0,2.0,0.75
322,Geraldo Perdomo,786000.0,15800.0,24.0,92.0,61.0,37.0,36.0,58.0,9.0,0.718
323,Salvador Perez,20000000.0,1480769.2307692308,34.0,160.0,58.0,104.0,44.0,129.0,0.0,0.786
325,Blake Perkins,800000.0,0.0,27.0,92.0,54.0,43.0,42.0,108.0,23.0,0.647
326,Tommy Pham,700000.0,0.0,36.0,109.0,49.0,39.0,35.0,106.0,7.0,0.674
328,Kevin Pillar,700000.0,226181.81818181818,35.0,65.0,38.0,45.0,16.0,69.0,12.0,0.667
329,Jorge Polanco,10500000.0,1106666.6666666667,30.0,89.0,43.0,45.0,46.0,137.0,4.0,0.651
330,Jurickson Profar,1000000.0,43888.88888888889,31.0,158.0,94.0,85.0,76.0,101.0,10.0,0.839
331,Ceddanne Rafaela,1250000.0,-250000.0,23.0,134.0,70.0,75.0,15.0,151.0,19.0,0.664
332,Cal Raleigh,795000.0,9175.0,27.0,120.0,73.0,100.0,70.0,176.0,6.0,0.748
333,Luke Raley,754200.0,-20400.0,29.0,98.0,58.0,58.0,27.0,135.0,11.0,0.783
336,Bryan Ramos,740000.0,-17955006.0,22.0,20.0,13.0,11.0,7.0,22.0,0.0,0.586
337,Heliot Ramos,740000.0,0.0,24.0,128.0,54.0,72.0,37.0,135.0,6.0,0.792
338,J.T. Realmuto,23875000.0,2334250.0,33.0,101.0,50.0,47.0,27.0,102.0,2.0,0.751
339,Rob Refsnyder,1850000.0,291666.6666666667,33.0,77.0,32.0,40.0,28.0,78.0,2.0,0.83
340,Anthony Rendon,36571429.0,2897619.0833333335,34.0,45.0,21.0,14.0,23.0,35.0,6.0,0.574
341,Hunter Renfroe,5500000.0,-3889703.625,32.0,88.0,44.0,52.0,36.0,84.0,1.0,0.689
342,Luis Rengifo,4400000.0,350000.0,27.0,85.0,41.0,30.0,16.0,44.0,24.0,0.763
343,Bryan Reynolds,10250000.0,583333.3333333334,29.0,171.0,73.0,88.0,57.0,156.0,10.0,0.791
344,Ben Rice,700000.0,0.0,25.0,26.0,20.0,23.0,20.0,48.0,0.0,0.613
345,Austin Riley,21000000.0,2841666.6666666665,27.0,109.0,63.0,56.0,37.0,118.0,0.0,0.783
346,Emmanuel Rivera,765200.0,0.0,28.0,63.0,24.0,29.0,26.0,69.0,2.0,0.656
347,Anthony Rizzo,17000000.0,1116666.6666666667,34.0,77.0,38.0,35.0,27.0,65.0,0.0,0.637
348,Luis Robert Jr.,12500000.0,2385940.0,26.0,88.0,47.0,35.0,28.0,141.0,23.0,0.657
350,Brayan Rocchio,740200.0,0.0,23.0,79.0,50.0,36.0,44.0,90.0,10.0,0.614
351,Brendan Rodgers,3200000.0,125000.0,27.0,134.0,67.0,54.0,31.0,132.0,1.0,0.721
353,Jake Rogers,1700000.0,243500.0,29.0,61.0,43.0,36.0,22.0,99.0,1.0,0.607
354,Josh Rojas,3100000.0,0.0,30.0,95.0,48.0,31.0,46.0,108.0,10.0,0.641
355,Johan Rojas,745000.0,0.0,23.0,82.0,47.0,32.0,13.0,69.0,25.0,0.601
356,Miguel Rojas,5750000.0,476272.7272727273,35.0,87.0,41.0,36.0,23.0,34.0,8.0,0.748
357,Brent Rooker,750000.0,8333.333333333334,29.0,160.0,82.0,112.0,59.0,177.0,11.0,0.927
358,Ben Rortvedt,755400.0,5400.0,26.0,66.0,27.0,31.0,34.0,88.0,1.0,0.621
359,Amed Rosario,1500000.0,602951.1111111111,28.0,93.0,29.0,32.0,9.0,73.0,13.0,0.686
360,Eddie Rosario,2000000.0,109772.72727272728,32.0,52.0,33.0,35.0,16.0,77.0,9.0,0.531
361,Keibert Ruiz,6375000.0,1666666.6666666667,25.0,105.0,46.0,57.0,16.0,54.0,3.0,0.619
362,Adley Rutschman,760300.0,8800.0,26.0,143.0,68.0,79.0,58.0,103.0,1.0,0.709
365,Anthony Santander,11700000.0,-121928.57142857143,29.0,140.0,91.0,102.0,58.0,129.0,2.0,0.814
366,Carlos Santana,5250000.0,504905.8823529412,38.0,124.0,63.0,71.0,65.0,99.0,4.0,0.749
367,Nolan Schanuel,750000.0,0.0,22.0,130.0,62.0,54.0,68.0,103.0,10.0,0.706
368,Casey Schmitt,740000.0,0.0,25.0,27.0,11.0,16.0,4.0,25.0,0.0,0.76
369,Davis Schneider,744900.0,0.0,25.0,76.0,48.0,46.0,47.0,144.0,6.0,0.625
370,Daniel Schneemann,740000.0,-4900.0,27.0,42.0,17.0,22.0,25.0,70.0,3.0,0.671
371,Max Schuemann,740000.0,0.0,27.0,87.0,55.0,34.0,47.0,119.0,14.0,0.619
372,Kyle Schwarber,20000000.0,1944450.0,31.0,142.0,110.0,104.0,106.0,197.0,5.0,0.851
373,Victor Scott II,740000.0,-2010000.0,23.0,26.0,14.0,10.0,6.0,42.0,5.0,0.502
374,Corey Seager,35000000.0,3449000.0,30.0,132.0,68.0,74.0,53.0,96.0,1.0,0.864
375,Marcus Semien,26000000.0,2318181.8181818184,33.0,154.0,101.0,74.0,64.0,105.0,8.0,0.699
376,Nick Senzel,2000000.0,150000.0,29.0,46.0,25.0,18.0,28.0,61.0,1.0,0.614
377,Gavin Sheets,756950.0,5487.5,28.0,105.0,35.0,45.0,43.0,106.0,2.0,0.66
378,Michael Siani,741650.0,-8350.0,24.0,68.0,42.0,20.0,21.0,92.0,20.0,0.57
379,Jon Singleton,850000.0,-4825000.0,32.0,83.0,46.0,42.0,47.0,111.0,0.0,0.707
380,Jose Siri,757800.0,6550.0,28.0,75.0,50.0,47.0,31.0,170.0,14.0,0.62
381,Austin Slater,4000000.0,356250.0,31.0,37.0,24.0,18.0,26.0,60.0,3.0,0.586
382,Dominic Smith,1430108.0,-139986.5,29.0,64.0,33.0,34.0,28.0,76.0,1.0,0.691
383,Josh Smith,749500.0,7468.333333333333,26.0,135.0,67.0,62.0,46.0,121.0,11.0,0.731
384,Pavin Smith,740000.0,0.0,28.0,37.0,26.0,36.0,18.0,31.0,1.0,0.896
385,Will Smith,16550000.0,1883333.3333333333,29.0,118.0,77.0,75.0,51.0,105.0,1.0,0.76
386,Tyler Soderstrom,740000.0,0.0,22.0,44.0,18.0,26.0,20.0,53.0,0.0,0.743
387,Donovan Solano,700000.0,71666.66666666667,36.0,81.0,31.0,35.0,22.0,65.0,2.0,0.76
388,Jorge Soler,700000.0,843750.0,32.0,119.0,84.0,64.0,68.0,141.0,1.0,0.78
389,Jorge Soler,10000000.0,843750.0,32.0,119.0,84.0,64.0,68.0,141.0,1.0,0.78
390,Edmundo Sosa,1700000.0,187500.0,28.0,64.0,39.0,31.0,13.0,66.0,7.0,0.734
391,Lenyn Sosa,740000.0,0.0,24.0,89.0,28.0,35.0,12.0,77.0,3.0,0.642
392,Juan Soto,31000000.0,1737500.0,25.0,166.0,128.0,109.0,129.0,119.0,7.0,0.989
393,George Springer,24166667.0,2150342.4545454546,34.0,120.0,74.0,56.0,60.0,115.0,16.0,0.674
394,Jacob Stallings,1500000.0,10666.666666666666,34.0,64.0,31.0,36.0,27.0,65.0,0.0,0.81
395,Giancarlo Stanton,32000000.0,2429538.4615384615,34.0,97.0,49.0,72.0,38.0,143.0,0.0,0.773
396,Spencer Steer,750000.0,10000.0,26.0,129.0,74.0,92.0,72.0,137.0,25.0,0.721
397,Michael Stefanic,750000.0,0.0,28.0,24.0,8.0,8.0,10.0,20.0,0.0,0.555
398,Tyler Stephenson,2525000.0,446250.0,27.0,118.0,69.0,66.0,48.0,117.0,1.0,0.782
400,Trevor Story,22500000.0,2251444.4444444445,31.0,24.0,8.0,10.0,11.0,33.0,6.0,0.733
401,Bryson Stott,768000.0,11166.666666666666,26.0,124.0,65.0,57.0,53.0,93.0,32.0,0.671
402,Kyle Stowers,700000.0,0.0,26.0,40.0,15.0,24.0,13.0,74.0,0.0,0.601
403,Garrett Stubbs,850000.0,36333.333333333336,31.0,34.0,18.0,11.0,17.0,50.0,5.0,0.558
405,Jack Suwinski,755000.0,10000.0,25.0,45.0,29.0,26.0,27.0,79.0,9.0,0.588
406,Seiya Suzuki,21000000.0,6416666.666666667,29.0,145.0,74.0,73.0,63.0,160.0,16.0,0.848
407,Dansby Swanson,26000000.0,2828888.888888889,30.0,129.0,82.0,66.0,54.0,144.0,19.0,0.701
408,Trey Sweeney,700000.0,0.0,24.0,24.0,11.0,17.0,7.0,32.0,2.0,0.642
409,Fernando Tatis Jr.,11714286.0,1321000.0,25.0,110.0,64.0,49.0,32.0,96.0,11.0,0.833
410,Mike Tauchman,1950000.0,31400.0,33.0,74.0,50.0,29.0,47.0,70.0,6.0,0.723
411,Leody Taveras,2550000.0,363311.0,25.0,110.0,59.0,44.0,42.0,112.0,23.0,0.641
412,Chris Taylor,13000000.0,1242500.0,33.0,43.0,28.0,23.0,28.0,76.0,5.0,0.598
413,Michael A. Taylor,4000000.0,-1125000.0,33.0,52.0,35.0,21.0,23.0,105.0,12.0,0.543
414,Tyrone Taylor,2025000.0,322400.0,30.0,79.0,47.0,35.0,19.0,80.0,11.0,0.701
415,Rowdy Tellez,3200000.0,180000.0,29.0,93.0,38.0,56.0,31.0,89.0,1.0,0.691
417,Matt Thaiss,770000.0,10000.0,29.0,32.0,14.0,16.0,28.0,58.0,3.0,0.622
418,Alek Thomas,769500.0,11433.333333333334,24.0,18.0,13.0,17.0,7.0,17.0,4.0,0.603
419,Lane Thomas,700000.0,0.0,28.0,112.0,65.0,63.0,44.0,137.0,32.0,0.709
420,Lane Thomas,2200000.0,0.0,28.0,112.0,65.0,63.0,44.0,137.0,32.0,0.709
421,Michael Toglia,742000.0,0.0,25.0,87.0,62.0,55.0,54.0,147.0,10.0,0.767
422,Spencer Torkelson,765700.0,14200.0,24.0,75.0,45.0,37.0,33.0,105.0,0.0,0.669
423,Abraham Toro,1275000.0,0.0,27.0,81.0,34.0,26.0,20.0,62.0,4.0,0.643
424,Gleyber Torres,14200000.0,1257885.7142857143,27.0,151.0,80.0,63.0,65.0,136.0,4.0,0.709
425,Luis Torrens,700000.0,-3416250.0,28.0,27.0,14.0,15.0,9.0,28.0,0.0,0.665
426,Ezequiel Tovar,1714286.0,496143.0,22.0,176.0,83.0,78.0,23.0,200.0,6.0,0.763
427,Jose Trevino,2730000.0,74000.0,31.0,45.0,26.0,28.0,20.0,41.0,1.0,0.642
428,Jared Triolo,745000.0,0.0,26.0,85.0,41.0,46.0,42.0,118.0,8.0,0.611
429,Mike Trout,37116667.0,2616011.9285714286,32.0,24.0,17.0,14.0,16.0,27.0,6.0,0.867
430,Kyle Tucker,12000000.0,1400000.0,27.0,80.0,56.0,49.0,56.0,54.0,11.0,0.993
431,Brice Turang,748200.0,0.0,24.0,142.0,72.0,57.0,50.0,105.0,50.0,0.665
432,Justin Turner,700000.0,520586.06666666665,39.0,119.0,59.0,55.0,59.0,95.0,0.0,0.737
433,Justin Turner,13000000.0,520586.06666666665,39.0,119.0,59.0,55.0,59.0,95.0,0.0,0.737
434,Trea Turner,27272727.0,2116782.7,31.0,149.0,88.0,62.0,27.0,98.0,19.0,0.807
437,Gio Urshela,700000.0,658333.3333333334,32.0,108.0,34.0,52.0,23.0,72.0,0.0,0.647
438,Gio Urshela,1500000.0,658333.3333333334,32.0,108.0,34.0,52.0,23.0,72.0,0.0,0.647
439,Enmanuel Valdez,743500.0,0.0,25.0,43.0,23.0,28.0,17.0,53.0,1.0,0.633
440,Ildemaro Vargas,1100000.0,-135750.0,32.0,67.0,21.0,30.0,19.0,31.0,9.0,0.611
441,Miguel Vargas,700000.0,91250.0,24.0,31.0,22.0,16.0,25.0,57.0,3.0,0.506
442,Daulton Varsho,5650000.0,520000.0,27.0,98.0,73.0,58.0,48.0,137.0,10.0,0.7
443,Andrew Vaughn,3250000.0,622500.0,26.0,140.0,55.0,70.0,38.0,132.0,2.0,0.699
446,Alex Verdugo,8700000.0,243333.33333333334,28.0,130.0,74.0,61.0,49.0,93.0,2.0,0.647
447,Mark Vientos,740000.0,0.0,24.0,110.0,58.0,71.0,33.0,135.0,0.0,0.837
448,Matt Vierling,766000.0,12966.666666666666,27.0,133.0,80.0,57.0,41.0,121.0,6.0,0.735
449,Anthony Volpe,810100.0,45050.0,23.0,155.0,90.0,60.0,42.0,156.0,28.0,0.657
450,LaMonte Wade Jr.,3500000.0,531250.0,30.0,86.0,45.0,34.0,62.0,90.0,2.0,0.761
451,Tyler Wade,850000.0,-580600.0,29.0,30.0,28.0,8.0,11.0,29.0,8.0,0.524
452,Christian Walker,10900000.0,1334966.6666666667,33.0,120.0,72.0,84.0,55.0,133.0,2.0,0.803
453,Jordan Walker,747450.0,0.0,22.0,33.0,16.0,20.0,10.0,50.0,1.0,0.619
454,Matt Wallner,745550.0,0.0,26.0,57.0,26.0,37.0,24.0,95.0,3.0,0.894
455,Taylor Walls,757300.0,7425.0,27.0,40.0,27.0,14.0,31.0,67.0,16.0,0.529
456,Taylor Ward,4800000.0,341666.6666666667,30.0,144.0,73.0,75.0,63.0,163.0,6.0,0.748
457,Austin Wells,750000.0,-750000.0,24.0,81.0,42.0,55.0,47.0,87.0,1.0,0.718
458,Jordan Westburg,745800.0,0.0,25.0,110.0,57.0,63.0,22.0,97.0,6.0,0.792
459,Jacob Wilson,700000.0,0.0,22.0,23.0,11.0,3.0,8.0,10.0,0.0,0.629
460,Jesse Winker,700000.0,570555.5555555555,30.0,109.0,63.0,58.0,63.0,106.0,14.0,0.764
461,Jesse Winker,2000000.0,570555.5555555555,30.0,109.0,63.0,58.0,63.0,106.0,14.0,0.764
462,Masyn Winn,742250.0,0.0,22.0,157.0,85.0,57.0,41.0,109.0,11.0,0.73
463,Patrick Wisdom,2725000.0,490500.0,32.0,27.0,16.0,23.0,10.0,59.0,5.0,0.629
464,Brett Wisely,740000.0,0.0,25.0,60.0,25.0,31.0,13.0,65.0,2.0,0.623
465,Bobby Witt Jr.,3111111.0,788453.6666666666,24.0,211.0,125.0,109.0,57.0,106.0,31.0,0.977
466,Connor Wong,760000.0,-570000.0,28.0,125.0,54.0,52.0,28.0,114.0,8.0,0.758
467,James Wood,700000.0,0.0,21.0,78.0,43.0,41.0,39.0,97.0,14.0,0.781
468,Mike Yastrzemski,7900000.0,700000.0,33.0,99.0,60.0,57.0,38.0,124.0,3.0,0.739
469,Christian Yelich,26000000.0,2124583.3333333335,32.0,85.0,44.0,42.0,40.0,58.0,21.0,0.909
470,Juan Yepez,700000.0,0.0,26.0,64.0,32.0,26.0,18.0,42.0,2.0,0.764
471,Masataka Yoshida,18600000.0,1500000.0,30.0,106.0,45.0,56.0,27.0,52.0,2.0,0.765
472,Jacob Young,740000.0,0.0,24.0,120.0,75.0,36.0,30.0,102.0,33.0,0.648
