,Name,2024 Salary,Avg Career Salary Difference,Age,W,L,ERA,G,SV,IP,H,HR,SO,BB
0,Bryan Abreu,1750000.0,1083.3333333333333,27.0,3.0,3.0,3.1,78.0,1.0,78.1,59.0,9.0,103.0,32.0
1,Jason Adam,2700000.0,118750.0,32.0,7.0,2.0,1.95,74.0,4.0,73.2,40.0,5.0,81.0,23.0
2,Austin Adams,800000.0,-135714.2857142857,33.0,1.0,2.0,3.92,56.0,0.0,41.1,38.0,4.0,53.0,23.0
3,Keegan Akin,825000.0,5000.0,29.0,3.0,1.0,3.32,66.0,1.0,78.2,55.0,9.0,97.0,19.0
6,Scott Alexander,2250000.0,-508000.0,34.0,1.0,3.0,2.56,45.0,0.0,38.2,31.0,3.0,31.0,15.0
7,Tyler Alexander,1950000.0,130833.33333333333,29.0,6.0,5.0,5.1,23.0,0.0,107.2,110.0,23.0,90.0,24.0
8,Logan Allen,744300.0,-133966.66666666666,25.0,8.0,5.0,5.73,20.0,0.0,97.1,113.0,22.0,79.0,41.0
10,Chase Anderson,1250000.0,-1885566.7692307692,36.0,0.0,2.0,5.4,29.0,3.0,58.1,55.0,12.0,42.0,21.0
11,Chase Anderson,700000.0,-1885566.7692307692,36.0,0.0,2.0,5.4,29.0,3.0,58.1,55.0,12.0,42.0,21.0
13,Justin Anderson,700000.0,-26583.333333333332,31.0,1.0,2.0,4.39,56.0,1.0,53.1,48.0,5.0,57.0,32.0
14,Nick Anderson,1575000.0,54219.666666666664,33.0,3.0,1.0,4.04,37.0,1.0,35.2,35.0,6.0,29.0,15.0
16,Tyler Anderson,13000000.0,0.0,34.0,10.0,15.0,3.81,31.0,0.0,179.1,158.0,24.0,142.0,73.0
18,Shawn Armstrong,2050000.0,-1051397.7333333334,33.0,3.0,3.0,4.86,57.0,1.0,66.2,77.0,6.0,66.0,25.0
19,Spencer Arrighetti,740000.0,-1310000.0,24.0,7.0,13.0,4.53,29.0,0.0,145.0,139.0,21.0,171.0,65.0
20,Pedro Avila,746600.0,1100.0,27.0,6.0,1.0,3.81,54.0,1.0,82.2,73.0,8.0,82.0,36.0
22,Tanner Banks,755050.0,3762.5,32.0,2.0,3.0,3.98,63.0,2.0,72.1,69.0,6.0,78.0,25.0
23,Scott Barlow,6700000.0,765618.75,31.0,3.0,3.0,4.25,63.0,2.0,55.0,44.0,6.0,68.0,31.0
24,Chris Bassitt,22000000.0,2071000.0,35.0,10.0,14.0,4.16,31.0,0.0,171.0,180.0,18.0,168.0,70.0
26,Mike Baumann,700000.0,0.0,28.0,3.0,1.0,5.55,57.0,0.0,58.1,59.0,9.0,58.0,28.0
27,Mike Baumann,748900.0,0.0,28.0,3.0,1.0,5.55,57.0,0.0,58.1,59.0,9.0,58.0,28.0
28,Mike Baumann,700000.0,0.0,28.0,3.0,1.0,5.55,57.0,0.0,58.1,59.0,9.0,58.0,28.0
30,Shane Baz,743600.0,-42333.333333333336,25.0,4.0,3.0,3.06,14.0,0.0,79.1,57.0,9.0,69.0,27.0
33,Brayan Bello,1166667.0,-72944.33333333333,25.0,14.0,8.0,4.49,30.0,0.0,162.1,157.0,19.0,153.0,64.0
34,Brennan Bernardino,740000.0,-142222.33333333334,32.0,4.0,3.0,4.06,57.0,0.0,51.0,50.0,6.0,56.0,22.0
37,Tanner Bibee,745700.0,2850.0,25.0,12.0,8.0,3.47,31.0,0.0,173.2,150.0,22.0,187.0,44.0
39,Osvaldo Bido,750000.0,0.0,28.0,5.0,3.0,3.41,16.0,0.0,63.1,43.0,3.0,63.0,26.0
44,Paul Blackburn,3450000.0,0.0,30.0,5.0,4.0,4.66,14.0,0.0,75.1,76.0,12.0,59.0,21.0
45,Ronel Blanco,749800.0,-1293000.0,30.0,13.0,6.0,2.8,30.0,0.0,167.1,114.0,22.0,166.0,68.0
49,Cam Booser,740000.0,-1100.0,32.0,2.0,3.0,3.38,43.0,1.0,42.2,41.0,5.0,43.0,16.0
52,Matt Bowman,700000.0,-1224344.4444444445,33.0,1.0,0.0,4.4,25.0,0.0,30.2,26.0,5.0,24.0,13.0
53,Matt Bowman,700000.0,-1224344.4444444445,33.0,1.0,0.0,4.4,25.0,0.0,30.2,26.0,5.0,24.0,13.0
54,Matt Bowman,700000.0,-1224344.4444444445,33.0,1.0,0.0,4.4,25.0,0.0,30.2,26.0,5.0,24.0,13.0
55,Matthew Boyd,700000.0,-59618.181818181816,33.0,2.0,2.0,2.72,8.0,0.0,39.2,32.0,4.0,46.0,13.0
56,Joe Boyle,740000.0,0.0,24.0,3.0,6.0,6.42,13.0,0.0,47.2,42.0,4.0,56.0,40.0
57,Cody Bradford,748500.0,4250.0,26.0,6.0,3.0,3.54,14.0,0.0,76.1,64.0,10.0,70.0,13.0
58,Kyle Bradish,754500.0,2000.0,27.0,2.0,0.0,2.75,8.0,0.0,39.1,27.0,2.0,53.0,15.0
59,Taj Bradley,743300.0,-5600.0,23.0,8.0,11.0,4.11,25.0,0.0,138.0,122.0,22.0,154.0,47.0
60,John Brebbia,4000000.0,303437.5,34.0,0.0,6.0,5.86,59.0,2.0,55.1,56.0,11.0,67.0,19.0
61,Beau Brieske,740000.0,-1086666.6666666667,26.0,4.0,5.0,3.59,46.0,1.0,67.2,55.0,5.0,69.0,30.0
63,Hunter Brown,774500.0,0.0,25.0,11.0,9.0,3.49,31.0,0.0,170.0,156.0,18.0,179.0,60.0
64,Kris Bubic,2350000.0,610100.0,26.0,1.0,1.0,2.67,27.0,1.0,30.1,26.0,2.0,39.0,5.0
66,Brock Burke,1035000.0,47000.0,27.0,2.0,1.0,5.82,34.0,0.0,34.0,37.0,4.0,41.0,16.0
67,Brock Burke,700000.0,47000.0,27.0,2.0,1.0,5.82,34.0,0.0,34.0,37.0,4.0,41.0,16.0
69,Corbin Burnes,15637500.0,-1029664.2857142857,29.0,15.0,9.0,2.92,32.0,0.0,194.1,165.0,22.0,181.0,48.0
70,Ryan Burr,700000.0,0.0,30.0,0.0,2.0,4.13,34.0,0.0,32.2,29.0,4.0,47.0,12.0
75,Griffin Canning,2600000.0,370800.0,28.0,6.0,13.0,5.19,32.0,0.0,171.2,174.0,31.0,130.0,66.0
76,Jonathan Cannon,740000.0,-1860000.0,23.0,5.0,10.0,4.49,23.0,1.0,124.1,125.0,18.0,91.0,40.0
77,Yennier Cano,752300.0,3075.0,30.0,4.0,3.0,3.15,70.0,5.0,60.0,54.0,6.0,65.0,24.0
78,Joey Cantillo,700000.0,0.0,24.0,2.0,4.0,4.89,9.0,0.0,38.2,35.0,6.0,44.0,15.0
79,Carlos Carrasco,2000000.0,-345514.28571428574,37.0,3.0,10.0,5.64,21.0,0.0,103.2,112.0,19.0,89.0,33.0
81,Luis Castillo,24150000.0,844720.0,31.0,11.0,12.0,3.64,30.0,0.0,175.1,158.0,25.0,175.0,47.0
83,Andrew Chafin,4750000.0,-710046.6666666666,34.0,4.0,3.0,3.51,62.0,1.0,56.1,52.0,5.0,70.0,31.0
84,Andrew Chafin,700000.0,-710046.6666666666,34.0,4.0,3.0,3.51,62.0,1.0,56.1,52.0,5.0,70.0,31.0
85,JT Chargois,700000.0,-3254944.4444444445,33.0,3.0,1.0,2.23,36.0,0.0,36.1,24.0,6.0,30.0,13.0
89,Aaron Civale,4900000.0,651343.75,29.0,8.0,9.0,4.36,31.0,0.0,161.0,158.0,29.0,149.0,52.0
90,Emmanuel Clase,2900000.0,-65000.0,26.0,4.0,2.0,0.61,74.0,47.0,74.1,39.0,2.0,66.0,10.0
91,Garrett Cleavinger,746900.0,-554666.6666666666,30.0,7.0,5.0,3.75,68.0,6.0,60.0,52.0,6.0,71.0,31.0
95,Gerrit Cole,36000000.0,7794791.666666667,33.0,8.0,5.0,3.41,17.0,0.0,95.0,78.0,11.0,99.0,29.0
98,Roansy Contreras,755000.0,-1655000.0,24.0,2.0,4.0,4.35,49.0,2.0,68.1,63.0,11.0,56.0,31.0
99,Nestor Cortes,3950000.0,810714.2857142857,29.0,9.0,10.0,3.77,31.0,0.0,174.1,162.0,24.0,162.0,39.0
101,Jake Cousins,740000.0,-390000.0,29.0,2.0,1.0,2.37,37.0,1.0,38.0,20.0,5.0,53.0,20.0
102,Kutter Crawford,760000.0,5000.0,28.0,9.0,16.0,4.36,33.0,0.0,183.2,155.0,34.0,175.0,51.0
103,Cooper Criswell,1000000.0,60000.0,27.0,6.0,5.0,4.08,26.0,0.0,99.1,103.0,10.0,73.0,31.0
104,Garrett Crochet,800000.0,-50000.0,25.0,6.0,12.0,3.58,32.0,0.0,146.0,123.0,18.0,209.0,33.0
109,Xzavion Curry,744400.0,-1475.0,25.0,2.0,2.0,4.64,16.0,0.0,42.2,38.0,8.0,28.0,7.0
111,Davis Daniel,740000.0,0.0,27.0,1.0,4.0,6.23,6.0,0.0,30.1,39.0,5.0,28.0,6.0
116,Enyel De Los Santos,700000.0,0.0,28.0,1.0,2.0,5.2,64.0,2.0,64.0,65.0,17.0,66.0,25.0
117,Enyel De Los Santos,700000.0,0.0,28.0,1.0,2.0,5.2,64.0,2.0,64.0,65.0,17.0,66.0,25.0
118,Reid Detmers,770000.0,0.0,24.0,4.0,9.0,6.7,17.0,0.0,87.1,98.0,18.0,109.0,38.0
125,Shawn Dubin,741600.0,800.0,28.0,1.0,1.0,4.17,31.0,2.0,45.1,45.0,3.0,49.0,26.0
127,Dane Dunning,3325000.0,-151432.0,29.0,5.0,7.0,5.31,26.0,0.0,95.0,97.0,18.0,91.0,40.0
131,Zach Eflin,11000000.0,2052780.0,30.0,10.0,9.0,3.59,28.0,0.0,165.1,166.0,22.0,134.0,24.0
132,Zach Eflin,700000.0,2052780.0,30.0,10.0,9.0,3.59,28.0,0.0,165.1,166.0,22.0,134.0,24.0
136,Nathan Eovaldi,16000000.0,4643166.666666667,34.0,12.0,8.0,3.8,29.0,0.0,170.2,147.0,23.0,166.0,42.0
137,Lucas Erceg,750000.0,-5083333.333333333,29.0,2.0,6.0,3.36,61.0,14.0,61.2,49.0,3.0,72.0,16.0
138,Lucas Erceg,700000.0,-5083333.333333333,29.0,2.0,6.0,3.36,61.0,14.0,61.2,49.0,3.0,72.0,16.0
140,Joey Estes,740000.0,0.0,22.0,7.0,9.0,5.01,25.0,0.0,127.2,130.0,23.0,92.0,27.0
142,Alex Faedo,746600.0,-2001133.3333333333,28.0,5.0,3.0,3.61,37.0,0.0,57.1,49.0,9.0,55.0,28.0
143,Pete Fairbanks,3666667.0,417152.4285714286,30.0,3.0,3.0,3.57,46.0,23.0,45.1,36.0,4.0,44.0,17.0
145,Erick Fedde,7500000.0,150000.0,31.0,9.0,9.0,3.3,31.0,0.0,177.1,154.0,20.0,154.0,52.0
146,Caleb Ferguson,2400000.0,-716000.0,27.0,1.0,4.0,4.64,62.0,1.0,54.1,56.0,6.0,67.0,25.0
147,Caleb Ferguson,700000.0,-716000.0,27.0,1.0,4.0,4.64,62.0,1.0,54.1,56.0,6.0,67.0,25.0
148,Tyler Ferguson,740000.0,0.0,30.0,4.0,2.0,3.68,48.0,2.0,51.1,32.0,4.0,62.0,24.0
149,David Festa,700000.0,0.0,24.0,2.0,6.0,4.9,14.0,0.0,64.1,62.0,9.0,77.0,23.0
152,Jack Flaherty,14000000.0,304250.0,28.0,13.0,7.0,3.17,28.0,0.0,162.0,135.0,24.0,194.0,38.0
153,Chris Flexen,1750000.0,-1206250.0,29.0,3.0,15.0,4.95,33.0,0.0,160.0,180.0,24.0,123.0,63.0
154,Jason Foley,766300.0,-245925.0,28.0,3.0,6.0,3.15,69.0,28.0,60.0,51.0,5.0,46.0,20.0
156,Bowden Francis,748000.0,-666.6666666666666,28.0,8.0,5.0,3.3,27.0,0.0,103.2,74.0,17.0,92.0,22.0
159,Carson Fulmer,700000.0,0.0,30.0,0.0,5.0,4.15,37.0,0.0,86.2,81.0,11.0,81.0,40.0
160,Kody Funderburk,740000.0,0.0,27.0,1.0,0.0,6.49,27.0,1.0,34.2,41.0,4.0,32.0,15.0
161,Hunter Gaddis,740700.0,233.33333333333334,26.0,6.0,3.0,1.57,78.0,0.0,74.2,43.0,4.0,66.0,14.0
169,Kevin Gausman,22000000.0,988000.0,33.0,14.0,11.0,3.83,31.0,0.0,181.0,165.0,20.0,162.0,56.0
170,Logan Gilbert,4050000.0,-6795675.0,27.0,9.0,12.0,3.23,33.0,0.0,208.2,148.0,26.0,220.0,37.0
172,Luis Gil,740000.0,0.0,26.0,15.0,7.0,3.5,29.0,0.0,151.2,104.0,18.0,171.0,77.0
173,J.T. Ginn,700000.0,0.0,25.0,1.0,1.0,4.24,8.0,0.0,34.0,36.0,4.0,29.0,9.0
177,Jon Gray,13000000.0,1582360.0,32.0,5.0,6.0,4.47,23.0,0.0,102.2,107.0,11.0,86.0,28.0
178,Chad Green,10500000.0,-961577.7777777778,33.0,4.0,6.0,3.21,53.0,17.0,53.1,41.0,8.0,46.0,14.0
182,Josh Hader,19000000.0,795166.6666666666,30.0,8.0,8.0,3.8,71.0,34.0,71.0,43.0,12.0,105.0,25.0
183,Ian Hamilton,923050.0,-3615390.0,29.0,0.0,1.0,3.82,35.0,1.0,37.2,37.0,2.0,41.0,14.0
185,Emerson Hancock,741300.0,-629350.0,25.0,4.0,4.0,4.75,12.0,0.0,60.2,62.0,12.0,39.0,19.0
187,Hogan Harris,740000.0,0.0,27.0,4.0,4.0,2.86,21.0,0.0,72.1,65.0,7.0,61.0,33.0
188,Hunter Harvey,700000.0,230000.0,29.0,2.0,4.0,4.44,49.0,1.0,50.2,51.0,5.0,55.0,16.0
190,Andrew Heaney,13000000.0,389000.0,33.0,5.0,14.0,4.28,32.0,0.0,160.0,159.0,23.0,159.0,41.0
201,Tim Herrin,740800.0,400.0,27.0,5.0,1.0,1.92,75.0,0.0,65.2,39.0,2.0,68.0,25.0
204,Tim Hill,1800000.0,47209.375,34.0,4.0,0.0,3.36,62.0,0.0,67.0,77.0,2.0,31.0,19.0
205,Tim Hill,700000.0,47209.375,34.0,4.0,0.0,3.36,62.0,0.0,67.0,77.0,2.0,31.0,19.0
207,Clay Holmes,6000000.0,197212.5,31.0,3.0,5.0,3.14,67.0,30.0,63.0,60.0,4.0,68.0,22.0
208,Tyler Holton,758300.0,-1747233.3333333333,28.0,7.0,2.0,2.19,66.0,8.0,94.1,57.0,7.0,77.0,17.0
210,Tanner Houck,770000.0,0.0,28.0,9.0,10.0,3.12,30.0,0.0,178.2,156.0,11.0,154.0,48.0
212,Brant Hurter,700000.0,0.0,25.0,6.0,1.0,2.58,10.0,0.0,45.1,34.0,4.0,38.0,6.0
214,Cole Irvin,2000000.0,0.0,30.0,6.0,6.0,5.11,29.0,1.0,111.0,132.0,18.0,78.0,29.0
215,Cole Irvin,700000.0,0.0,30.0,6.0,6.0,5.11,29.0,1.0,111.0,132.0,18.0,78.0,29.0
218,Kenley Jansen,16000000.0,2001762.2666666666,36.0,4.0,2.0,3.29,54.0,27.0,54.2,38.0,4.0,62.0,20.0
219,Cristian Javier,7400000.0,-4240000.0,27.0,3.0,1.0,3.89,7.0,0.0,34.2,30.0,4.0,27.0,19.0
220,Griffin Jax,761750.0,-2326275.0,29.0,5.0,5.0,2.03,72.0,10.0,71.0,47.0,4.0,95.0,15.0
223,Ben Joyce,740000.0,0.0,23.0,2.0,0.0,2.08,31.0,4.0,34.2,26.0,1.0,33.0,14.0
225,Tommy Kahnle,5750000.0,154545.45454545456,34.0,0.0,2.0,2.11,50.0,1.0,42.2,30.0,5.0,46.0,19.0
226,Brad Keller,700000.0,452500.0,28.0,0.0,4.0,5.44,16.0,1.0,41.1,48.0,9.0,32.0,15.0
227,Brad Keller,700000.0,452500.0,28.0,0.0,4.0,5.44,16.0,1.0,41.1,48.0,9.0,32.0,15.0
228,Kevin Kelly,740000.0,0.0,26.0,5.0,2.0,2.67,68.0,1.0,70.2,59.0,7.0,63.0,9.0
229,Michael Kelly,750000.0,3333.3333333333335,31.0,3.0,2.0,2.59,28.0,0.0,31.1,27.0,2.0,22.0,10.0
230,Zack Kelly,740000.0,-3333.3333333333335,29.0,6.0,3.0,3.97,49.0,0.0,56.2,44.0,10.0,61.0,27.0
232,Yusei Kikuchi,10000000.0,251128.57142857142,33.0,9.0,10.0,4.05,32.0,0.0,175.2,167.0,25.0,206.0,44.0
233,Yusei Kikuchi,700000.0,251128.57142857142,33.0,9.0,10.0,4.05,32.0,0.0,175.2,167.0,25.0,206.0,44.0
234,Craig Kimbrel,12000000.0,-1154464.3125,36.0,7.0,5.0,5.33,57.0,23.0,52.1,40.0,7.0,73.0,31.0
237,George Kirby,798600.0,-180566.66666666666,26.0,14.0,11.0,3.53,33.0,0.0,191.0,181.0,22.0,179.0,23.0
241,Jack Kochanowicz,700000.0,0.0,23.0,2.0,6.0,3.99,11.0,0.0,65.1,68.0,7.0,25.0,10.0
242,Michael Kopech,3000000.0,-1325000.0,28.0,6.0,8.0,3.46,67.0,15.0,67.2,44.0,9.0,88.0,34.0
243,Dean Kremer,756600.0,-448680.0,28.0,8.0,10.0,4.1,24.0,0.0,129.2,110.0,18.0,123.0,51.0
246,Chad Kuhl,700000.0,-43750.0,31.0,0.0,2.0,5.06,31.0,1.0,53.1,56.0,5.0,54.0,25.0
251,Jordan Leasure,740000.0,-1000.0,25.0,0.0,2.0,6.32,33.0,2.0,31.1,32.0,6.0,26.0,18.0
253,Jack Leiter,740000.0,-5510000.0,24.0,0.0,3.0,8.83,9.0,0.0,35.2,44.0,7.0,31.0,17.0
254,Mark Leiter Jr.,700000.0,0.0,33.0,4.0,5.0,4.5,60.0,0.0,58.0,55.0,8.0,86.0,22.0
256,Zack Littell,1850000.0,-265145.75,28.0,8.0,10.0,3.63,29.0,0.0,156.1,164.0,22.0,141.0,31.0
257,Brendon Little,740000.0,-555000.0,27.0,1.0,2.0,3.74,49.0,1.0,45.2,41.0,7.0,36.0,19.0
258,Ben Lively,750000.0,1666.6666666666667,32.0,13.0,10.0,3.81,29.0,0.0,151.0,139.0,23.0,118.0,49.0
261,Sam Long,740000.0,-475.0,28.0,3.0,3.0,3.16,43.0,1.0,42.2,34.0,5.0,44.0,17.0
264,Michael Lorenzen,4500000.0,168175.0,32.0,7.0,6.0,3.31,26.0,0.0,130.1,101.0,17.0,97.0,60.0
265,Michael Lorenzen,700000.0,168175.0,32.0,7.0,6.0,3.31,26.0,0.0,130.1,101.0,17.0,97.0,60.0
266,Richard Lovelady,740000.0,0.0,28.0,3.0,6.0,4.46,35.0,2.0,34.1,34.0,3.0,26.0,11.0
270,Seth Lugo,15000000.0,664086.1111111111,34.0,16.0,9.0,3.0,33.0,0.0,206.2,177.0,16.0,181.0,48.0
272,Daniel Lynch IV,740000.0,-1940000.0,27.0,2.0,0.0,3.32,16.0,1.0,43.1,29.0,6.0,39.0,14.0
275,Kenta Maeda,14000000.0,-241145.875,36.0,3.0,7.0,6.09,29.0,0.0,112.1,124.0,22.0,96.0,31.0
280,Alec Marsh,744750.0,2375.0,26.0,9.0,9.0,4.53,26.0,0.0,129.0,123.0,19.0,123.0,39.0
282,Chris Martin,9500000.0,603636.3636363636,38.0,3.0,1.0,3.45,45.0,2.0,44.1,47.0,5.0,50.0,3.0
283,Davis Martin,740000.0,-4380000.0,27.0,0.0,5.0,4.32,11.0,0.0,50.0,50.0,5.0,47.0,23.0
284,Seth Martinez,753600.0,-1814050.0,29.0,3.0,2.0,3.59,44.0,1.0,52.2,49.0,7.0,36.0,18.0
285,Phil Maton,6250000.0,665109.0909090909,31.0,3.0,3.0,3.66,71.0,3.0,64.0,47.0,7.0,60.0,24.0
286,Zebby Matthews,700000.0,0.0,24.0,1.0,4.0,6.69,9.0,0.0,37.2,51.0,11.0,43.0,11.0
287,Tim Mayza,3590000.0,-653962.5,32.0,0.0,2.0,6.33,50.0,0.0,42.2,54.0,5.0,28.0,15.0
288,Tim Mayza,700000.0,-653962.5,32.0,0.0,2.0,6.33,50.0,0.0,42.2,54.0,5.0,28.0,15.0
289,James McArthur,745750.0,0.0,27.0,5.0,7.0,4.92,57.0,18.0,56.2,68.0,8.0,49.0,14.0
291,Darren McCaughan,740000.0,-2852500.0,28.0,0.0,0.0,6.21,12.0,2.0,42.0,53.0,9.0,28.0,15.0
293,T.J. McFarland,850000.0,-1638142.75,35.0,2.0,4.0,3.81,79.0,0.0,56.2,53.0,4.0,39.0,17.0
294,Triston McKenzie,1600000.0,150000.0,26.0,3.0,5.0,5.11,16.0,0.0,75.2,69.0,19.0,74.0,49.0
298,Luis Medina,740000.0,0.0,25.0,2.0,4.0,5.18,8.0,0.0,40.0,43.0,4.0,32.0,20.0
300,Bryce Miller,752600.0,-56495.5,25.0,12.0,8.0,2.94,31.0,0.0,180.1,131.0,21.0,171.0,45.0
301,Mason Miller,740000.0,-6300.0,25.0,2.0,2.0,2.49,55.0,28.0,65.0,36.0,6.0,104.0,21.0
303,Shelby Miller,3000000.0,102115.38461538461,33.0,6.0,8.0,4.53,51.0,2.0,55.2,41.0,9.0,49.0,13.0
304,Tyson Miller,700000.0,0.0,28.0,5.0,1.0,2.32,58.0,1.0,62.0,39.0,7.0,54.0,11.0
306,Casey Mize,830000.0,0.0,27.0,2.0,6.0,4.49,22.0,0.0,102.1,121.0,11.0,78.0,29.0
307,Keider Montero,740000.0,-90000.0,23.0,6.0,6.0,4.76,19.0,0.0,98.1,100.0,19.0,77.0,31.0
308,Rafael Montero,11500000.0,157036.36363636365,33.0,1.0,2.0,4.7,41.0,0.0,38.1,35.0,8.0,23.0,19.0
310,Matt Moore,9000000.0,590284.375,35.0,5.0,3.0,5.03,51.0,1.0,48.1,39.0,11.0,41.0,26.0
311,Eli Morgan,751200.0,-2062000.0,28.0,3.0,0.0,1.93,32.0,0.0,42.0,30.0,4.0,34.0,11.0
312,Kyle Muller,740000.0,-2800.0,26.0,0.0,1.0,4.01,21.0,0.0,49.1,48.0,6.0,36.0,10.0
316,Nick Nastrini,740000.0,0.0,24.0,0.0,7.0,7.07,9.0,0.0,35.2,32.0,7.0,26.0,36.0
321,Bailey Ober,761850.0,0.0,28.0,12.0,9.0,3.98,31.0,0.0,178.2,136.0,27.0,191.0,43.0
322,Steven Okert,1062500.0,42950.0,32.0,3.0,2.0,5.09,44.0,1.0,35.1,37.0,6.0,33.0,16.0
324,Reese Olson,752300.0,6150.0,24.0,4.0,8.0,3.53,22.0,0.0,112.1,100.0,7.0,101.0,33.0
327,Chris Paddack,2525000.0,297500.0,28.0,5.0,3.0,4.99,17.0,0.0,88.1,102.0,14.0,79.0,21.0
330,James Paxton,700000.0,1794325.0,35.0,9.0,3.0,4.4,21.0,0.0,100.1,95.0,12.0,73.0,50.0
331,Nate Pearson,800000.0,0.0,27.0,2.0,2.0,4.48,60.0,2.0,66.1,67.0,12.0,74.0,21.0
335,Ryan Pepiot,744900.0,0.0,26.0,8.0,8.0,3.6,26.0,0.0,130.0,102.0,17.0,142.0,48.0
338,Nick Pivetta,7500000.0,144222.22222222222,31.0,6.0,12.0,4.14,27.0,0.0,145.2,128.0,28.0,172.0,36.0
340,Colin Poche,2375000.0,-100000.0,30.0,1.0,2.0,3.86,43.0,2.0,37.1,30.0,7.0,33.0,13.0
341,Zach Pop,765500.0,-408460.0,27.0,2.0,4.0,5.59,58.0,1.0,48.1,45.0,9.0,33.0,19.0
343,Cade Povich,740000.0,-10000.0,24.0,3.0,9.0,5.2,16.0,0.0,79.2,80.0,12.0,69.0,34.0
345,Ryan Pressly,14000000.0,1766369.2307692308,35.0,2.0,3.0,3.49,59.0,4.0,56.2,58.0,4.0,58.0,18.0
346,Quinn Priester,700000.0,0.0,23.0,3.0,6.0,4.71,11.0,0.0,49.2,56.0,7.0,33.0,14.0
349,Cole Ragans,753750.0,-28026.25,26.0,11.0,9.0,3.14,32.0,0.0,186.1,146.0,15.0,223.0,67.0
356,Trevor Richards,2150000.0,-902727.2727272727,31.0,2.0,2.0,4.55,55.0,1.0,65.1,44.0,7.0,62.0,35.0
357,Trevor Richards,700000.0,-902727.2727272727,31.0,2.0,2.0,4.55,55.0,1.0,65.1,44.0,7.0,62.0,35.0
359,David Robertson,10000000.0,-2021447.0588235294,39.0,3.0,4.0,3.0,68.0,2.0,72.0,53.0,5.0,99.0,27.0
364,Grayson Rodriguez,748300.0,-13542517.0,24.0,13.0,4.0,3.86,20.0,0.0,116.2,109.0,15.0,130.0,36.0
370,Trevor Rogers,700000.0,-3119666.6666666665,26.0,2.0,11.0,4.92,25.0,0.0,124.1,140.0,14.0,97.0,56.0
375,Joe Ryan,758850.0,-43975.0,28.0,7.0,7.0,3.6,23.0,0.0,135.0,110.0,19.0,147.0,23.0
378,Nick Sandlin,1075000.0,-6693500.0,27.0,8.0,0.0,3.75,68.0,1.0,57.2,46.0,12.0,68.0,27.0
379,Patrick Sandoval,5025000.0,995666.6666666666,27.0,2.0,8.0,5.08,16.0,0.0,79.2,85.0,8.0,81.0,35.0
380,Cole Sands,749450.0,-2100633.3333333335,26.0,9.0,1.0,3.28,62.0,4.0,71.1,59.0,6.0,85.0,12.0
382,Dennis Santana,700000.0,0.0,28.0,3.0,1.0,3.89,62.0,3.0,71.2,57.0,4.0,69.0,21.0
384,Tayler Saucedo,753100.0,775.0,31.0,2.0,0.0,3.49,53.0,3.0,38.2,35.0,3.0,38.0,18.0
387,Max Scherzer,43333334.0,7523584.588235294,39.0,2.0,4.0,3.95,9.0,0.0,43.1,40.0,7.0,40.0,10.0
388,Clarke Schmidt,2025000.0,-16780238.4,28.0,5.0,5.0,2.85,16.0,0.0,85.1,71.0,8.0,93.0,30.0
389,John Schreiber,1175000.0,-1266666.6666666667,30.0,4.0,3.0,3.66,59.0,2.0,51.2,48.0,1.0,46.0,20.0
390,Tayler Scott,790000.0,-55000.0,32.0,7.0,3.0,2.23,62.0,0.0,68.2,45.0,7.0,71.0,35.0
391,JP Sears,745000.0,-11250.0,28.0,11.0,13.0,4.38,32.0,0.0,180.2,172.0,28.0,137.0,49.0
396,Jared Shuster,740000.0,0.0,25.0,2.0,5.0,4.3,39.0,0.0,73.1,74.0,9.0,56.0,33.0
398,Lucas Sims,700000.0,-280000.0,30.0,1.0,6.0,4.38,58.0,1.0,49.1,41.0,8.0,49.0,30.0
399,Brady Singer,4850000.0,0.0,27.0,9.0,13.0,3.71,32.0,0.0,179.2,175.0,22.0,170.0,54.0
400,Tarik Skubal,2650000.0,-440000.0,27.0,18.0,4.0,2.39,31.0,0.0,192.0,142.0,15.0,228.0,35.0
401,Justin Slaten,740000.0,-1910000.0,26.0,6.0,2.0,2.93,44.0,2.0,55.1,47.0,4.0,58.0,9.0
402,Burch Smith,700000.0,0.0,34.0,4.0,1.0,4.95,50.0,0.0,56.1,64.0,6.0,46.0,12.0
403,Cade Smith,740000.0,0.0,25.0,6.0,1.0,1.91,74.0,1.0,75.1,51.0,1.0,103.0,17.0
405,Will Smith,5000000.0,1108706.5714285714,34.0,0.0,4.0,6.53,45.0,1.0,41.1,45.0,7.0,29.0,15.0
407,Collin Snider,747300.0,0.0,28.0,3.0,4.0,1.94,42.0,0.0,41.2,36.0,5.0,47.0,13.0
410,Gregory Soto,700000.0,768428.5714285715,29.0,3.0,5.0,4.42,66.0,2.0,53.0,56.0,4.0,65.0,27.0
413,Mitch Spence,740000.0,-13300.0,26.0,8.0,10.0,4.58,35.0,0.0,151.1,165.0,20.0,126.0,44.0
414,Jeffrey Springs,5250000.0,644285.7142857143,31.0,2.0,2.0,3.27,7.0,0.0,33.0,34.0,5.0,37.0,11.0
415,Ryne Stanek,4000000.0,-49080.0,32.0,7.0,3.0,4.88,63.0,7.0,55.1,48.0,8.0,67.0,25.0
420,Chris Stratton,3500000.0,-7174027.75,33.0,4.0,3.0,5.55,57.0,4.0,58.1,53.0,5.0,44.0,33.0
421,Hunter Strickland,700000.0,133076.92307692306,35.0,3.0,2.0,3.31,72.0,1.0,73.1,56.0,10.0,57.0,24.0
422,Ross Stripling,700000.0,878000.0,34.0,2.0,11.0,6.01,22.0,0.0,85.1,109.0,7.0,49.0,22.0
423,Marcus Stroman,18500000.0,139145.45454545456,33.0,10.0,9.0,4.31,30.0,1.0,154.2,167.0,19.0,113.0,60.0
429,Erik Swanson,2750000.0,83333.33333333333,30.0,2.0,2.0,5.03,45.0,0.0,39.1,36.0,11.0,37.0,14.0
430,Dillon Tate,1500000.0,-208333.33333333334,30.0,2.0,1.0,4.66,33.0,1.0,36.2,42.0,2.0,27.0,12.0
431,Dillon Tate,700000.0,-208333.33333333334,30.0,2.0,1.0,4.66,33.0,1.0,36.2,42.0,2.0,27.0,12.0
433,Caleb Thielbar,3225000.0,-712500.0,37.0,2.0,4.0,5.32,59.0,3.0,47.1,50.0,6.0,53.0,24.0
434,Trent Thornton,1200000.0,-427857.14285714284,30.0,4.0,3.0,3.61,71.0,1.0,72.1,63.0,8.0,77.0,19.0
435,Drew Thorpe,740000.0,-460000.0,23.0,3.0,3.0,5.48,9.0,0.0,44.1,35.0,8.0,25.0,21.0
437,Michael Tonkin,700000.0,-407500.0,34.0,4.0,4.0,3.63,57.0,2.0,79.1,70.0,6.0,85.0,30.0
438,Michael Tonkin,700000.0,-407500.0,34.0,4.0,4.0,3.63,57.0,2.0,79.1,70.0,6.0,85.0,30.0
443,Edwin Uceta,740000.0,0.0,26.0,2.0,0.0,1.51,30.0,5.0,41.2,26.0,2.0,57.0,8.0
446,Framber Valdez,12100000.0,2576428.5714285714,30.0,15.0,7.0,2.91,28.0,0.0,176.1,140.0,13.0,169.0,55.0
451,Justin Verlander,43333333.0,10029064.5625,41.0,5.0,6.0,5.48,17.0,0.0,90.1,98.0,15.0,74.0,27.0
453,Will Vest,760700.0,4500.0,29.0,3.0,4.0,2.82,69.0,2.0,70.1,61.0,3.0,63.0,18.0
454,Thyago Vieira,700000.0,0.0,31.0,0.0,1.0,5.21,28.0,1.0,38.0,37.0,8.0,39.0,26.0
455,Austin Voth,1250000.0,0.0,32.0,2.0,5.0,3.69,68.0,0.0,61.0,46.0,9.0,61.0,18.0
456,Michael Wacha,16000000.0,756166.6666666666,32.0,13.0,8.0,3.35,29.0,0.0,166.2,154.0,17.0,145.0,45.0
462,Luke Weaver,2000000.0,-447325.0,30.0,7.0,3.0,2.89,62.0,4.0,84.0,52.0,10.0,103.0,26.0
463,Jacob Webb,1000000.0,-166666.66666666666,30.0,2.0,5.0,3.02,60.0,2.0,56.2,40.0,4.0,58.0,27.0
464,Greg Weissert,743500.0,-85500.0,29.0,4.0,2.0,3.13,62.0,1.0,63.1,65.0,7.0,58.0,20.0
466,Joey Wentz,746700.0,-306175.0,26.0,1.0,2.0,4.68,46.0,1.0,67.1,66.0,8.0,73.0,33.0
471,Gavin Williams,742100.0,-1378950.0,24.0,3.0,10.0,4.86,16.0,0.0,76.0,72.0,7.0,79.0,32.0
472,Steven Wilson,751900.0,1200.0,29.0,1.0,6.0,5.71,40.0,0.0,34.2,29.0,8.0,34.0,26.0
473,Josh Winckowski,760000.0,2700.0,26.0,4.0,2.0,4.14,40.0,2.0,76.0,81.0,10.0,60.0,26.0
477,Bryan Woo,749000.0,4500.0,24.0,9.0,3.0,2.89,22.0,0.0,121.1,96.0,14.0,101.0,13.0
478,Alex Wood,8500000.0,2556230.769230769,33.0,1.0,3.0,5.26,9.0,0.0,39.1,51.0,6.0,33.0,19.0
479,Jake Woodford,700000.0,-1960033.3333333333,27.0,0.0,6.0,7.97,9.0,0.0,35.0,48.0,6.0,26.0,9.0
480,Simeon Woods Richardson,740000.0,0.0,23.0,5.0,5.0,4.17,28.0,0.0,133.2,125.0,16.0,117.0,48.0
481,Ryan Yarbrough,700000.0,-584696.3333333334,32.0,5.0,2.0,3.19,44.0,1.0,98.2,70.0,11.0,65.0,32.0
482,Kirby Yates,4500000.0,-236.36363636363637,37.0,7.0,2.0,1.17,61.0,33.0,61.2,23.0,3.0,85.0,28.0
484,Angel Zerpa,748250.0,0.0,24.0,2.0,0.0,3.86,60.0,0.0,53.2,59.0,6.0,49.0,19.0
487,Andrew Abbott,742500.0,-3750.0,25.0,10.0,10.0,3.72,25.0,0.0,138.0,127.0,25.0,114.0,52.0
488,Jason Adam,700000.0,118750.0,32.0,7.0,2.0,1.95,74.0,4.0,73.2,40.0,5.0,81.0,23.0
491,Julian Aguiar,700000.0,0.0,23.0,2.0,1.0,6.25,7.0,0.0,31.2,30.0,8.0,19.0,12.0
493,Logan Allen,700000.0,-133966.66666666666,25.0,8.0,5.0,5.73,20.0,0.0,97.1,113.0,22.0,79.0,41.0
501,Shawn Armstrong,700000.0,-1051397.7333333334,33.0,3.0,3.0,4.86,57.0,1.0,66.2,77.0,6.0,66.0,25.0
502,Shawn Armstrong,700000.0,-1051397.7333333334,33.0,3.0,3.0,4.86,57.0,1.0,66.2,77.0,6.0,66.0,25.0
504,Graham Ashcraft,750000.0,-249166.66666666666,26.0,5.0,5.0,5.24,15.0,0.0,77.1,89.0,11.0,57.0,27.0
505,Javier Assad,755000.0,1333.3333333333333,26.0,7.0,6.0,3.73,29.0,0.0,147.0,143.0,20.0,124.0,63.0
507,Pedro Avila,700000.0,1100.0,27.0,6.0,1.0,3.81,54.0,1.0,82.2,73.0,8.0,82.0,36.0
509,Anthony Banda,700000.0,0.0,30.0,3.0,2.0,3.08,48.0,2.0,49.2,44.0,5.0,50.0,18.0
510,Tanner Banks,700000.0,3762.5,32.0,2.0,3.0,3.98,63.0,2.0,72.1,69.0,6.0,78.0,25.0
511,Jacob Barnes,700000.0,-2154041.6666666665,34.0,8.0,3.0,4.36,63.0,0.0,66.0,67.0,10.0,55.0,20.0
515,Mike Baumann,700000.0,0.0,28.0,3.0,1.0,5.55,57.0,0.0,58.1,59.0,9.0,58.0,28.0
516,Mike Baumann,700000.0,0.0,28.0,3.0,1.0,5.55,57.0,0.0,58.1,59.0,9.0,58.0,28.0
518,David Bednar,4150000.0,567083.3333333334,29.0,3.0,8.0,5.77,62.0,23.0,57.2,54.0,9.0,58.0,28.0
519,Jalen Beeks,1675000.0,-458562.5,30.0,7.0,4.0,4.5,71.0,10.0,70.0,77.0,6.0,55.0,27.0
520,Jalen Beeks,700000.0,-458562.5,30.0,7.0,4.0,4.5,71.0,10.0,70.0,77.0,6.0,55.0,27.0
521,Valente Bellozo,700000.0,0.0,24.0,3.0,4.0,3.67,13.0,0.0,68.2,69.0,15.0,44.0,21.0
522,Anthony Bender,770000.0,0.0,29.0,5.0,2.0,4.08,59.0,1.0,53.0,50.0,3.0,59.0,18.0
525,Jake Bird,745000.0,0.0,28.0,2.0,2.0,4.5,35.0,1.0,40.0,43.0,5.0,31.0,25.0
526,Hayden Birdsong,700000.0,0.0,22.0,5.0,6.0,4.75,16.0,0.0,72.0,57.0,11.0,88.0,43.0
527,Spencer Bivens,740000.0,0.0,30.0,3.0,1.0,3.14,27.0,1.0,48.2,47.0,9.0,37.0,11.0
528,Ty Blach,909677.0,67397.125,33.0,3.0,8.0,6.94,20.0,0.0,71.1,103.0,17.0,36.0,18.0
529,Mason Black,740000.0,-169677.0,24.0,1.0,5.0,6.44,9.0,0.0,36.1,46.0,7.0,31.0,15.0
530,Paul Blackburn,700000.0,0.0,30.0,5.0,4.0,4.66,14.0,0.0,75.1,76.0,12.0,59.0,21.0
531,Bradley Blalock,700000.0,0.0,23.0,1.0,3.0,5.87,7.0,0.0,30.2,35.0,4.0,20.0,20.0
532,Bradley Blalock,700000.0,0.0,23.0,1.0,3.0,5.87,7.0,0.0,30.2,35.0,4.0,20.0,20.0
535,Matt Bowman,925000.0,-1224344.4444444445,33.0,1.0,0.0,4.4,25.0,0.0,30.2,26.0,5.0,24.0,13.0
539,John Brebbia,700000.0,303437.5,34.0,0.0,6.0,5.86,59.0,2.0,55.1,56.0,11.0,67.0,19.0
541,Jhony Brito,746000.0,0.0,26.0,1.0,2.0,4.12,26.0,0.0,43.2,49.0,4.0,29.0,10.0
544,Ben Brown,740000.0,-21000.0,24.0,1.0,3.0,3.58,15.0,0.0,55.1,41.0,5.0,64.0,19.0
549,Walker Buehler,8025000.0,521428.5714285714,29.0,1.0,6.0,5.38,16.0,0.0,75.1,89.0,16.0,64.0,28.0
551,Aaron Bummer,5500000.0,593825.0,30.0,4.0,3.0,3.58,56.0,0.0,55.1,61.0,2.0,69.0,18.0
556,Edward Cabrera,761000.0,5250.0,26.0,4.0,8.0,4.95,20.0,0.0,96.1,82.0,15.0,107.0,50.0
561,Dylan Cease,8000000.0,1150000.0,28.0,14.0,11.0,3.47,33.0,0.0,189.1,137.0,18.0,224.0,65.0
562,Slade Cecconi,740000.0,-3630000.0,25.0,2.0,7.0,6.66,20.0,0.0,77.0,92.0,16.0,64.0,17.0
563,Aroldis Chapman,10500000.0,2102486.588235294,36.0,5.0,5.0,3.79,68.0,14.0,61.2,44.0,5.0,98.0,39.0
564,JT Chargois,1285000.0,-3254944.4444444445,33.0,3.0,1.0,2.23,36.0,0.0,36.1,24.0,6.0,30.0,13.0
565,Jesse Chavez,740000.0,-2424209.523809524,40.0,2.0,2.0,3.13,46.0,0.0,63.1,60.0,10.0,55.0,19.0
566,Yonny Chirinos,700000.0,-556171.4285714285,30.0,0.0,2.0,6.3,6.0,0.0,30.0,43.0,7.0,25.0,13.0
567,Angel Chivilli,740000.0,0.0,21.0,2.0,3.0,4.55,30.0,1.0,31.2,31.0,7.0,28.0,10.0
568,Aaron Civale,700000.0,651343.75,29.0,8.0,9.0,4.36,31.0,0.0,161.0,158.0,29.0,149.0,52.0
570,Roansy Contreras,700000.0,-1655000.0,24.0,2.0,4.0,4.35,49.0,2.0,68.1,63.0,11.0,56.0,31.0
571,Patrick Corbin,35416667.0,452083.3333333333,34.0,6.0,13.0,5.62,32.0,0.0,174.2,208.0,25.0,139.0,54.0
576,Declan Cronin,742000.0,0.0,26.0,3.0,4.0,4.35,56.0,0.0,70.1,75.0,1.0,72.0,25.0
577,Fernando Cruz,750000.0,-5666.666666666667,34.0,3.0,8.0,4.86,69.0,0.0,66.2,54.0,9.0,109.0,35.0
579,Xzavion Curry,700000.0,-1475.0,25.0,2.0,2.0,4.64,16.0,0.0,42.2,38.0,8.0,28.0,7.0
581,Yu Darvish,16000000.0,3019615.3846153845,37.0,7.0,3.0,3.31,16.0,0.0,81.2,65.0,12.0,78.0,22.0
585,Enyel De Los Santos,1600000.0,0.0,28.0,1.0,2.0,5.2,64.0,2.0,64.0,65.0,17.0,66.0,25.0
589,Jake Diekman,4000000.0,-443166.6666666667,37.0,2.0,3.0,5.63,43.0,4.0,32.0,23.0,7.0,40.0,24.0
592,Camilo Doval,770000.0,-1311250.0,26.0,5.0,3.0,4.88,62.0,23.0,59.0,54.0,5.0,78.0,39.0
595,Bryce Elder,740000.0,0.0,25.0,2.0,5.0,6.52,10.0,0.0,49.2,64.0,8.0,46.0,17.0
598,Jeremiah Estrada,740000.0,0.0,25.0,6.0,3.0,2.95,62.0,1.0,61.0,42.0,4.0,94.0,23.0
599,Bailey Falter,755000.0,3000.0,27.0,8.0,9.0,4.43,28.0,0.0,142.1,138.0,17.0,97.0,45.0
600,Buck Farmer,2250000.0,100863.63636363637,33.0,3.0,2.0,3.04,61.0,1.0,71.0,56.0,7.0,70.0,29.0
601,Calvin Faucher,745500.0,-501500.0,28.0,2.0,3.0,3.19,53.0,6.0,53.2,49.0,0.0,63.0,26.0
602,Erick Fedde,700000.0,150000.0,31.0,9.0,9.0,3.3,31.0,0.0,177.1,154.0,20.0,154.0,52.0
604,Ryan Feltner,745000.0,-257000.0,27.0,3.0,10.0,4.49,30.0,0.0,162.1,165.0,20.0,138.0,52.0
605,Ryan Fernandez,740000.0,-5000.0,26.0,1.0,6.0,3.51,62.0,2.0,66.2,58.0,4.0,71.0,32.0
606,Jose A. Ferrer,743000.0,1500.0,24.0,1.0,0.0,3.38,31.0,1.0,32.0,27.0,1.0,25.0,6.0
609,Kyle Finnegan,5100000.0,866000.0,32.0,3.0,8.0,3.68,65.0,38.0,63.2,61.0,9.0,60.0,24.0
611,Jack Flaherty,700000.0,304250.0,28.0,13.0,7.0,3.17,28.0,0.0,162.0,135.0,24.0,194.0,38.0
612,Josh Fleming,850000.0,0.0,28.0,1.0,1.0,4.02,25.0,1.0,31.1,34.0,3.0,17.0,14.0
613,Dylan Floro,2250000.0,-200000.0,33.0,6.0,4.0,3.8,66.0,0.0,68.2,65.0,5.0,48.0,17.0
614,Dylan Floro,700000.0,-200000.0,33.0,6.0,4.0,3.8,66.0,0.0,68.2,65.0,5.0,48.0,17.0
615,Kyle Freeland,15000000.0,787500.0,31.0,5.0,8.0,5.24,21.0,0.0,113.1,134.0,22.0,85.0,26.0
617,Max Fried,15000000.0,1781462.5,30.0,11.0,10.0,3.25,29.0,0.0,174.1,146.0,13.0,166.0,57.0
619,Zac Gallen,10011000.0,730142.8571428572,28.0,14.0,6.0,3.65,28.0,0.0,148.0,133.0,13.0,156.0,54.0
620,Robert Garcia,742800.0,-3089400.0,28.0,3.0,6.0,4.22,72.0,0.0,59.2,55.0,4.0,75.0,16.0
621,Braxton Garrett,764000.0,4240.0,26.0,2.0,2.0,5.35,7.0,0.0,37.0,40.0,5.0,34.0,4.0
622,Reed Garrett,740000.0,-228800.0,31.0,8.0,5.0,3.77,53.0,4.0,57.1,50.0,6.0,83.0,30.0
626,Kyle Gibson,12000000.0,1439092.3076923077,36.0,8.0,8.0,4.24,30.0,0.0,169.2,161.0,23.0,151.0,68.0
630,Kevin Ginkel,1225000.0,80833.33333333333,30.0,8.0,3.0,3.21,72.0,5.0,70.0,69.0,6.0,77.0,15.0
631,Tyler Glasnow,17500000.0,1336670.0,30.0,9.0,6.0,3.49,22.0,0.0,134.0,92.0,15.0,168.0,35.0
632,Austin Gomber,3150000.0,-2241100.0,30.0,5.0,12.0,4.75,30.0,0.0,165.0,178.0,30.0,116.0,38.0
633,Marco Gonzales,12250000.0,581818.1818181818,32.0,1.0,1.0,4.54,7.0,0.0,33.2,43.0,5.0,23.0,11.0
634,Tanner Gordon,700000.0,0.0,26.0,0.0,6.0,8.65,8.0,0.0,34.1,53.0,10.0,26.0,6.0
635,MacKenzie Gore,749600.0,0.0,25.0,10.0,12.0,3.9,32.0,0.0,166.1,171.0,15.0,181.0,65.0
639,Sonny Gray,10000000.0,1966482.0,34.0,13.0,9.0,3.84,28.0,0.0,166.1,142.0,21.0,203.0,39.0
640,Hunter Greene,3333334.0,-2021111.0,24.0,9.0,5.0,2.75,26.0,0.0,150.1,96.0,12.0,169.0,57.0
641,Michael Grove,760000.0,-857778.0,27.0,4.0,4.0,5.12,39.0,0.0,51.0,46.0,6.0,54.0,16.0
644,DL Hall,744200.0,0.0,25.0,1.0,2.0,5.02,13.0,0.0,43.0,48.0,6.0,44.0,21.0
646,Kyle Harrison,743750.0,0.0,22.0,7.0,7.0,4.56,24.0,0.0,124.1,125.0,18.0,118.0,42.0
649,Hunter Harvey,2350000.0,230000.0,29.0,2.0,4.0,4.44,49.0,1.0,50.2,51.0,5.0,55.0,16.0
651,Ryan Helsley,3800000.0,0.0,29.0,7.0,4.0,2.04,65.0,49.0,66.1,50.0,3.0,79.0,23.0
652,Kyle Hendricks,16500000.0,1919227.2727272727,34.0,4.0,12.0,5.92,29.0,0.0,130.2,147.0,21.0,87.0,43.0
654,Tommy Henry,760500.0,0.0,26.0,2.0,3.0,7.04,9.0,0.0,38.1,49.0,9.0,30.0,18.0
663,DJ Herz,740000.0,0.0,23.0,4.0,9.0,4.16,19.0,0.0,88.2,76.0,11.0,106.0,36.0
664,Jordan Hicks,6500000.0,-129471.42857142857,27.0,4.0,7.0,4.1,29.0,1.0,109.2,112.0,12.0,96.0,47.0
666,Sean Hjelle,743750.0,0.0,27.0,3.0,4.0,3.9,58.0,0.0,80.2,84.0,10.0,75.0,14.0
667,Porter Hodge,740000.0,-3750.0,23.0,3.0,1.0,1.88,39.0,9.0,43.0,19.0,2.0,52.0,19.0
668,Bryan Hoeing,750500.0,2625.0,27.0,2.0,3.0,2.18,34.0,0.0,53.2,43.0,4.0,43.0,14.0
669,Bryan Hoeing,700000.0,2625.0,27.0,2.0,3.0,2.18,34.0,0.0,53.2,43.0,4.0,43.0,14.0
670,Jeff Hoffman,2200000.0,-272555.55555555556,31.0,3.0,3.0,2.17,68.0,10.0,66.1,48.0,6.0,89.0,16.0
671,Colin Holderman,755000.0,-361250.0,28.0,3.0,6.0,3.16,55.0,0.0,51.1,42.0,6.0,56.0,25.0
673,Grant Holmes,740000.0,0.0,28.0,2.0,1.0,3.56,26.0,0.0,68.1,66.0,7.0,70.0,15.0
676,Adrian Houser,5050000.0,359375.0,31.0,1.0,5.0,5.84,23.0,1.0,69.1,74.0,8.0,45.0,32.0
678,Bryan Hudson,741700.0,0.0,27.0,6.0,1.0,1.73,43.0,0.0,62.1,28.0,7.0,62.0,17.0
679,Daniel Hudson,2000000.0,-52452.94117647059,37.0,6.0,2.0,3.0,65.0,10.0,63.0,46.0,10.0,63.0,19.0
680,Dakota Hudson,1500000.0,-1471428.5714285714,29.0,2.0,12.0,6.17,18.0,0.0,89.0,99.0,11.0,49.0,50.0
683,Raisel Iglesias,16000000.0,1800032.3636363635,34.0,6.0,2.0,1.95,66.0,34.0,69.1,38.0,4.0,68.0,13.0
684,Shota Imanaga,9250000.0,-6750000.0,30.0,15.0,3.0,2.91,29.0,0.0,173.1,149.0,27.0,174.0,28.0
685,Jake Irvin,745600.0,-4252200.0,27.0,10.0,14.0,4.41,33.0,0.0,187.2,173.0,29.0,156.0,52.0
686,Luke Jackson,6500000.0,575440.0,32.0,4.0,3.0,5.09,52.0,0.0,53.0,52.0,7.0,59.0,26.0
687,Luke Jackson,700000.0,575440.0,32.0,4.0,3.0,5.09,52.0,0.0,53.0,52.0,7.0,59.0,26.0
690,Bryce Jarvis,743600.0,1800.0,26.0,1.0,2.0,3.19,44.0,0.0,59.1,52.0,6.0,38.0,33.0
696,Pierce Johnson,7000000.0,-1470625.0,33.0,6.0,6.0,3.67,58.0,2.0,56.1,48.0,6.0,67.0,25.0
698,Jared Jones,740000.0,0.0,22.0,6.0,8.0,4.14,22.0,0.0,121.2,106.0,18.0,132.0,39.0
699,Jakob Junis,4000000.0,-467500.0,31.0,4.0,0.0,2.69,24.0,1.0,67.0,49.0,8.0,51.0,8.0
700,Jakob Junis,700000.0,-467500.0,31.0,4.0,0.0,2.69,24.0,1.0,67.0,49.0,8.0,51.0,8.0
703,Mitch Keller,5854000.0,852333.3333333334,28.0,11.0,12.0,4.25,31.0,0.0,178.0,182.0,23.0,166.0,50.0
705,Joe Kelly,8000000.0,666452.6666666666,36.0,1.0,1.0,4.78,35.0,0.0,32.0,31.0,4.0,35.0,16.0
706,Merrill Kelly,8500000.0,-1637500.0,35.0,5.0,1.0,4.03,13.0,0.0,73.2,67.0,11.0,63.0,19.0
707,Orion Kerkering,742500.0,-3878750.0,23.0,5.0,3.0,2.29,64.0,0.0,63.0,51.0,2.0,74.0,17.0
709,Clayton Kershaw,5000000.0,8107918.933333334,36.0,2.0,2.0,4.5,7.0,0.0,30.0,36.0,2.0,24.0,9.0
712,John King,1005000.0,44083.333333333336,29.0,3.0,3.0,2.85,56.0,0.0,60.0,58.0,5.0,38.0,14.0
713,Michael King,3150000.0,357500.0,29.0,13.0,9.0,2.95,31.0,0.0,173.2,144.0,17.0,201.0,63.0
714,Tyler Kinley,1300000.0,-1789875.0,33.0,6.0,1.0,6.19,67.0,12.0,64.0,61.0,11.0,72.0,33.0
716,Andrew Kittredge,2630000.0,164587.5,34.0,5.0,5.0,2.8,74.0,1.0,70.2,60.0,10.0,67.0,20.0
718,Landon Knack,740000.0,0.0,26.0,3.0,5.0,3.65,15.0,1.0,69.0,58.0,14.0,69.0,18.0
720,Jared Koenig,740000.0,0.0,30.0,9.0,4.0,2.47,55.0,1.0,62.0,54.0,4.0,63.0,23.0
721,Stephen Kolek,740000.0,0.0,27.0,3.0,0.0,5.21,42.0,0.0,46.2,59.0,4.0,39.0,12.0
722,Michael Kopech,700000.0,-1325000.0,28.0,6.0,8.0,3.46,67.0,15.0,67.2,44.0,9.0,88.0,34.0
724,Peter Lambert,1250000.0,10000.0,27.0,2.0,5.0,5.72,28.0,0.0,61.1,73.0,7.0,50.0,29.0
727,Derek Law,1500000.0,-452777.77777777775,33.0,7.0,4.0,2.6,75.0,1.0,90.0,82.0,7.0,76.0,24.0
728,Justin Lawrence,745000.0,-188750.0,29.0,4.0,4.0,6.49,56.0,2.0,59.2,73.0,9.0,45.0,33.0
730,Kyle Leahy,740000.0,0.0,27.0,1.0,1.0,4.07,33.0,1.0,48.2,40.0,4.0,33.0,10.0
731,Dylan Lee,760000.0,5000.0,29.0,4.0,2.0,2.11,52.0,0.0,59.2,49.0,7.0,76.0,17.0
734,Mark Leiter Jr.,1500000.0,0.0,33.0,4.0,5.0,4.5,60.0,0.0,58.0,55.0,8.0,86.0,22.0
735,Matthew Liberatore,747200.0,-250933.33333333334,24.0,3.0,4.0,4.4,60.0,0.0,86.0,81.0,11.0,76.0,28.0
737,Nick Lodolo,760000.0,6500.0,26.0,9.0,6.0,4.76,21.0,0.0,115.1,101.0,13.0,122.0,37.0
743,Richard Lovelady,700000.0,0.0,28.0,3.0,6.0,4.46,35.0,2.0,34.1,34.0,3.0,26.0,11.0
744,Rhett Lowder,700000.0,0.0,22.0,2.0,2.0,1.17,6.0,0.0,30.2,25.0,0.0,22.0,14.0
747,Lance Lynn,10000000.0,1812955.6,37.0,7.0,4.0,3.84,23.0,0.0,117.1,113.0,16.0,109.0,44.0
750,Sean Manaea,14500000.0,3109000.0,32.0,12.0,6.0,3.47,32.0,0.0,181.2,134.0,21.0,184.0,63.0
751,Joe Mantiply,925000.0,-3259857.1428571427,33.0,6.0,2.0,3.92,75.0,1.0,59.2,52.0,1.0,53.0,18.0
754,Justin Martinez,740000.0,-5750.0,22.0,5.0,6.0,2.48,64.0,8.0,72.2,59.0,2.0,91.0,36.0
755,Nick Martinez,14000000.0,1894285.7142857143,33.0,10.0,7.0,3.1,42.0,0.0,142.1,128.0,13.0,116.0,18.0
756,Phil Maton,700000.0,665109.0909090909,31.0,3.0,3.0,3.66,71.0,3.0,64.0,47.0,7.0,60.0,24.0
757,Yuki Matsui,3250000.0,0.0,28.0,4.0,2.0,3.73,64.0,0.0,62.2,46.0,8.0,69.0,27.0
760,Steven Matz,12500000.0,2954160.0,33.0,1.0,2.0,5.08,12.0,0.0,44.1,49.0,7.0,33.0,15.0
761,Adam Mazur,740000.0,-11760000.0,23.0,1.0,3.0,7.49,8.0,0.0,33.2,40.0,6.0,22.0,21.0
762,Darren McCaughan,700000.0,-2852500.0,28.0,0.0,0.0,6.21,12.0,2.0,42.0,53.0,9.0,28.0,15.0
764,Scott McGough,3000000.0,708171.0,34.0,1.0,3.0,7.44,26.0,0.0,32.2,34.0,6.0,25.0,21.0
767,Nick Mears,750000.0,0.0,27.0,1.0,5.0,5.93,54.0,0.0,57.2,61.0,7.0,75.0,24.0
768,Nick Mears,700000.0,0.0,27.0,1.0,5.0,5.93,54.0,0.0,57.2,61.0,7.0,75.0,24.0
770,Trevor Megill,756600.0,-712500.0,30.0,1.0,3.0,2.72,48.0,21.0,46.1,33.0,4.0,50.0,14.0
771,Tylor Megill,766250.0,2412.5,28.0,4.0,5.0,4.04,16.0,0.0,78.0,70.0,8.0,91.0,32.0
776,Max Meyer,743000.0,1500.0,25.0,3.0,5.0,5.68,11.0,0.0,57.0,62.0,14.0,46.0,19.0
777,Miles Mikolas,18500000.0,5852222.222222222,35.0,10.0,11.0,5.35,32.0,0.0,171.2,194.0,26.0,122.0,25.0
779,Bobby Miller,750000.0,-3125000.0,25.0,2.0,4.0,8.52,13.0,0.0,56.0,69.0,17.0,52.0,30.0
780,Erik Miller,740000.0,-10000.0,26.0,4.0,5.0,3.88,73.0,0.0,67.1,50.0,7.0,87.0,38.0
782,Tyson Miller,740000.0,0.0,28.0,5.0,1.0,2.32,58.0,1.0,62.0,39.0,7.0,54.0,11.0
783,Hoby Milner,2050000.0,145555.55555555556,33.0,5.0,1.0,4.73,61.0,1.0,64.2,63.0,6.0,64.0,14.0
784,A.J. Minter,6220000.0,1020250.0,30.0,5.0,4.0,2.62,39.0,1.0,34.1,24.0,6.0,35.0,11.0
785,Carmen Mlodzinski,747500.0,-2736250.0,25.0,5.0,5.0,3.38,40.0,0.0,50.2,41.0,3.0,46.0,19.0
786,Anthony Molina,740000.0,-7500.0,22.0,1.0,1.0,6.79,35.0,0.0,59.2,72.0,5.0,41.0,22.0
787,Sam Moll,760000.0,3333.3333333333335,32.0,3.0,2.0,3.35,48.0,0.0,37.2,27.0,3.0,38.0,14.0
788,Frankie Montas,14000000.0,976515.1818181818,31.0,7.0,11.0,4.84,30.0,0.0,150.2,140.0,24.0,148.0,66.0
789,Frankie Montas,700000.0,976515.1818181818,31.0,7.0,11.0,4.84,30.0,0.0,150.2,140.0,24.0,148.0,66.0
790,Jordan Montgomery,25000000.0,329250.0,31.0,8.0,7.0,6.23,25.0,1.0,117.0,149.0,14.0,83.0,44.0
792,Charlie Morton,20000000.0,3883100.0,40.0,8.0,10.0,4.19,30.0,0.0,165.1,154.0,23.0,167.0,65.0
794,Joe Musgrove,20000000.0,2142833.3333333335,31.0,6.0,5.0,3.88,19.0,0.0,99.2,94.0,14.0,101.0,23.0
795,Tobias Myers,740000.0,-19260000.0,25.0,9.0,6.0,3.0,27.0,0.0,138.0,126.0,18.0,127.0,36.0
796,Andrew Nardi,754000.0,4666.666666666667,25.0,3.0,2.0,5.07,59.0,0.0,49.2,44.0,7.0,70.0,18.0
800,Ryne Nelson,764300.0,0.0,26.0,10.0,6.0,4.24,28.0,1.0,150.2,155.0,17.0,126.0,34.0
802,Kyle Nicolas,740000.0,-4130000.0,25.0,2.0,2.0,3.95,51.0,0.0,54.2,51.0,4.0,55.0,31.0
803,Aaron Nola,24571429.0,3061892.9,31.0,14.0,8.0,3.57,33.0,0.0,199.1,189.0,30.0,197.0,50.0
806,Adam Oller,700000.0,-9760000.0,29.0,2.0,4.0,5.31,8.0,0.0,42.1,43.0,7.0,36.0,22.0
810,Adam Ottavino,4500000.0,534821.4285714285,38.0,2.0,2.0,4.34,60.0,1.0,56.0,49.0,6.0,70.0,23.0
813,Andre Pallante,756900.0,5633.333333333333,25.0,8.0,8.0,3.78,29.0,0.0,121.1,110.0,8.0,94.0,48.0
816,Mitchell Parker,740000.0,0.0,24.0,7.0,10.0,4.29,29.0,0.0,151.0,154.0,18.0,133.0,43.0
817,James Paxton,7000000.0,1794325.0,35.0,9.0,3.0,4.4,21.0,0.0,100.1,95.0,12.0,73.0,50.0
818,Joel Payamps,1650000.0,-668750.0,30.0,3.0,7.0,3.05,68.0,6.0,59.0,39.0,7.0,59.0,18.0
819,Nate Pearson,700000.0,0.0,27.0,2.0,2.0,4.48,60.0,2.0,66.1,67.0,12.0,74.0,21.0
820,Elvis Peguero,754300.0,0.0,27.0,7.0,4.0,2.98,52.0,2.0,51.1,52.0,4.0,47.0,27.0
821,Freddy Peralta,5734960.0,-183482.85714285713,28.0,11.0,9.0,3.68,32.0,0.0,173.2,143.0,26.0,200.0,68.0
823,Wandy Peralta,3350000.0,-27687.272727272728,32.0,3.0,2.0,3.99,46.0,0.0,38.1,33.0,6.0,22.0,13.0
827,David Peterson,2150000.0,0.0,28.0,10.0,3.0,2.9,21.0,0.0,121.0,110.0,8.0,101.0,46.0
830,Brandon Pfaadt,754400.0,0.0,25.0,11.0,10.0,4.71,32.0,0.0,181.2,183.0,24.0,185.0,42.0
831,Evan Phillips,4000000.0,360622.22222222225,29.0,5.0,1.0,3.62,61.0,18.0,54.2,48.0,6.0,63.0,17.0
832,Tyler Phillips,700000.0,0.0,26.0,4.0,1.0,6.87,8.0,0.0,36.2,45.0,9.0,28.0,7.0
835,Quinn Priester,740000.0,0.0,23.0,3.0,6.0,4.71,11.0,0.0,49.2,56.0,7.0,33.0,14.0
836,A.J. Puk,1800000.0,176666.66666666666,29.0,4.0,9.0,3.15,62.0,3.0,71.1,51.0,5.0,88.0,28.0
837,A.J. Puk,700000.0,176666.66666666666,29.0,4.0,9.0,3.15,62.0,3.0,71.1,51.0,5.0,88.0,28.0
838,Cal Quantrill,6550000.0,0.0,29.0,8.0,11.0,4.98,29.0,0.0,148.1,156.0,23.0,110.0,69.0
839,Jose Quintana,13000000.0,1901312.5,35.0,10.0,10.0,3.75,31.0,0.0,170.1,150.0,22.0,135.0,63.0
840,Tanner Rainey,1500000.0,-3285714.285714286,31.0,0.0,0.0,4.76,50.0,0.0,51.0,47.0,8.0,44.0,29.0
846,Robbie Ray,700000.0,2147350.0,32.0,3.0,2.0,4.7,7.0,0.0,30.2,20.0,6.0,43.0,15.0
847,Colin Rea,3500000.0,-1542.857142857143,33.0,12.0,6.0,4.29,32.0,1.0,167.2,169.0,29.0,135.0,43.0
859,Taylor Rogers,12000000.0,1352500.0,33.0,1.0,4.0,2.4,64.0,0.0,60.0,53.0,7.0,64.0,22.0
860,Trevor Rogers,1530000.0,-3119666.6666666665,26.0,2.0,11.0,4.92,25.0,0.0,124.1,140.0,14.0,97.0,56.0
861,Tyler Rogers,3200000.0,432166.6666666667,33.0,3.0,4.0,2.82,77.0,1.0,70.1,67.0,7.0,51.0,6.0
863,JoJo Romero,860000.0,-815000.0,27.0,7.0,3.0,3.36,65.0,1.0,59.0,52.0,8.0,51.0,16.0
864,Joe Ross,1750000.0,-599371.4285714285,31.0,3.0,6.0,3.77,25.0,0.0,74.0,72.0,7.0,66.0,29.0
865,Landen Roupp,740000.0,-1010000.0,25.0,1.0,2.0,3.58,23.0,0.0,50.1,43.0,2.0,47.0,26.0
866,Chris Roycroft,740000.0,0.0,27.0,1.0,2.0,4.19,27.0,0.0,34.1,31.0,2.0,33.0,17.0
874,Chris Sale,16000000.0,132256.14285714287,35.0,18.0,3.0,2.38,29.0,0.0,177.2,141.0,9.0,225.0,39.0
877,Dennis Santana,700000.0,0.0,28.0,3.0,1.0,3.89,62.0,3.0,71.2,57.0,4.0,69.0,21.0
878,Tony Santillan,700000.0,0.0,27.0,3.0,3.0,3.0,29.0,0.0,30.0,21.0,4.0,46.0,9.0
879,Spencer Schwellenbach,740000.0,0.0,24.0,8.0,7.0,3.35,21.0,0.0,123.2,106.0,14.0,127.0,23.0
880,Christian Scott,740000.0,0.0,25.0,0.0,3.0,4.56,9.0,0.0,47.1,45.0,8.0,39.0,12.0
881,Tanner Scott,5700000.0,551111.1111111111,29.0,9.0,6.0,1.75,72.0,22.0,72.0,45.0,3.0,84.0,36.0
882,Tanner Scott,700000.0,551111.1111111111,29.0,9.0,6.0,1.75,72.0,22.0,72.0,45.0,3.0,84.0,36.0
885,Luis Severino,13000000.0,1665977.7777777778,30.0,11.0,7.0,3.91,31.0,0.0,182.0,166.0,23.0,161.0,60.0
886,Paul Sewald,7350000.0,-2923527.777777778,34.0,1.0,2.0,4.31,42.0,16.0,39.2,35.0,6.0,43.0,10.0
888,Lucas Sims,2850000.0,-280000.0,30.0,1.0,6.0,4.38,58.0,1.0,49.1,41.0,8.0,49.0,30.0
889,Paul Skenes,740000.0,-2110000.0,22.0,11.0,3.0,1.96,23.0,0.0,133.0,94.0,10.0,170.0,32.0
891,Burch Smith,700000.0,0.0,34.0,4.0,1.0,4.95,50.0,0.0,56.1,64.0,6.0,46.0,12.0
894,Drew Smyly,8500000.0,-970769.2307692308,35.0,4.0,8.0,3.84,50.0,0.0,58.2,57.0,10.0,56.0,25.0
895,Blake Snell,32000000.0,4537022.222222222,31.0,5.0,3.0,3.12,20.0,0.0,104.0,65.0,6.0,145.0,44.0
897,Gregory Soto,5000000.0,768428.5714285715,29.0,3.0,5.0,4.42,66.0,2.0,53.0,56.0,4.0,65.0,27.0
898,Carson Spiers,740000.0,-2130000.0,26.0,5.0,7.0,5.46,22.0,0.0,90.2,112.0,20.0,80.0,27.0
899,Ryne Stanek,700000.0,-49080.0,32.0,7.0,3.0,4.88,63.0,7.0,55.1,48.0,8.0,67.0,25.0
900,Justin Steele,4000000.0,-652500.0,28.0,5.0,5.0,3.07,24.0,0.0,134.2,111.0,12.0,135.0,37.0
902,Gavin Stone,742500.0,0.0,25.0,11.0,5.0,3.53,25.0,0.0,140.1,133.0,18.0,116.0,37.0
903,Matt Strahm,7500000.0,753255.5555555555,32.0,6.0,2.0,1.87,66.0,3.0,62.2,36.0,4.0,79.0,11.0
904,Hunter Stratton,800000.0,-3350000.0,27.0,2.0,1.0,3.58,36.0,1.0,37.2,37.0,3.0,33.0,7.0
908,Robert Suarez,10000000.0,4000000.0,33.0,9.0,3.0,2.77,65.0,36.0,65.0,52.0,7.0,59.0,16.0
910,Brent Suter,2500000.0,242311.11111111112,34.0,1.0,0.0,3.15,47.0,2.0,65.2,63.0,10.0,50.0,12.0
911,Jameson Taillon,18000000.0,-520375.0,32.0,12.0,8.0,3.27,28.0,0.0,165.1,154.0,21.0,125.0,33.0
915,Keegan Thompson,740000.0,-365000.0,29.0,2.0,1.0,2.67,24.0,2.0,30.1,19.0,3.0,36.0,18.0
916,Ryan Thompson,1350000.0,-131666.66666666666,32.0,7.0,5.0,3.26,67.0,2.0,66.1,64.0,5.0,52.0,15.0
920,Michael Tonkin,1000000.0,-407500.0,34.0,4.0,4.0,3.63,57.0,2.0,79.1,70.0,6.0,85.0,30.0
922,Blake Treinen,1000000.0,-81002.27272727272,36.0,7.0,3.0,1.93,50.0,1.0,46.2,33.0,5.0,56.0,11.0
923,Spencer Turnbull,2000000.0,164583.33333333334,31.0,3.0,0.0,2.65,17.0,0.0,54.1,37.0,6.0,58.0,20.0
924,Kyle Tyler,700000.0,0.0,27.0,0.0,2.0,5.4,8.0,0.0,31.2,37.0,4.0,25.0,18.0
931,Alex Vesia,1000000.0,0.0,28.0,5.0,4.0,1.76,67.0,5.0,66.1,33.0,7.0,87.0,33.0
932,Thyago Vieira,700000.0,0.0,31.0,0.0,1.0,5.21,28.0,1.0,38.0,37.0,8.0,39.0,26.0
933,Thyago Vieira,777500.0,0.0,31.0,0.0,1.0,5.21,28.0,1.0,38.0,37.0,8.0,39.0,26.0
936,Victor Vodnik,742000.0,1000.0,24.0,5.0,4.0,4.28,64.0,9.0,73.2,72.0,7.0,65.0,37.0
938,Matt Waldron,741800.0,900.0,27.0,7.0,11.0,4.91,27.0,0.0,146.2,145.0,21.0,133.0,40.0
940,Ryan Walker,747500.0,3750.0,28.0,10.0,4.0,1.91,76.0,10.0,80.0,50.0,5.0,99.0,18.0
941,Taijuan Walker,18000000.0,-2202369.230769231,31.0,3.0,7.0,7.1,19.0,0.0,83.2,107.0,24.0,58.0,37.0
945,Ryan Weathers,752600.0,-480.0,24.0,5.0,6.0,3.63,16.0,0.0,86.2,78.0,11.0,80.0,24.0
946,Logan Webb,8000000.0,1641233.3333333333,27.0,13.0,10.0,3.47,33.0,0.0,204.2,202.0,11.0,172.0,50.0
947,Jordan Weems,773500.0,-1204416.6666666667,31.0,1.0,1.0,6.7,41.0,0.0,41.2,49.0,7.0,35.0,24.0
948,Joey Wentz,700000.0,-306175.0,26.0,1.0,2.0,4.68,46.0,1.0,67.1,66.0,8.0,73.0,33.0
949,Hayden Wesneski,740000.0,0.0,26.0,3.0,6.0,3.86,28.0,0.0,67.2,56.0,12.0,67.0,21.0
950,Zack Wheeler,23500000.0,4788737.5,34.0,16.0,7.0,2.57,32.0,0.0,200.0,139.0,20.0,224.0,52.0
953,Jordan Wicks,741500.0,0.0,24.0,2.0,4.0,5.48,11.0,0.0,46.0,55.0,9.0,42.0,20.0
958,Trevor Williams,7000000.0,628020.0,32.0,6.0,1.0,2.03,13.0,0.0,66.2,51.0,3.0,59.0,18.0
959,Bryse Wilson,1000000.0,-1431550.0,26.0,5.0,4.0,4.04,34.0,0.0,104.2,102.0,20.0,82.0,31.0
960,Justin Wilson,1500000.0,-144464.2857142857,36.0,1.0,5.0,5.59,60.0,2.0,46.2,55.0,10.0,51.0,13.0
964,Keaton Winn,743750.0,0.0,26.0,3.0,8.0,7.16,12.0,0.0,55.1,56.0,9.0,48.0,20.0
966,Jake Woodford,700000.0,-1960033.3333333333,27.0,0.0,6.0,7.97,9.0,0.0,35.0,48.0,6.0,26.0,9.0
967,Justin Wrobleski,700000.0,0.0,23.0,1.0,2.0,5.7,8.0,1.0,36.1,34.0,9.0,26.0,16.0
968,Yoshinobu Yamamoto,9166667.0,0.0,25.0,7.0,2.0,3.0,18.0,0.0,90.0,78.0,7.0,105.0,22.0
969,Ryan Yarbrough,3900000.0,-584696.3333333334,32.0,5.0,2.0,3.19,44.0,1.0,98.2,70.0,11.0,65.0,32.0
973,Danny Young,740000.0,0.0,30.0,4.0,1.0,4.54,42.0,0.0,37.2,29.0,3.0,48.0,18.0
